Wavelength,Power transmitted
400.000,0.971519
401.000,0.971437
402.000,0.971354
403.000,0.971270
404.000,0.971183
405.000,0.971095
406.000,0.971003
407.000,0.970907
408.000,0.970808
409.000,0.970706
410.000,0.970600
411.000,0.970491
412.000,0.970379
413.000,0.970264
414.000,0.970148
415.000,0.970029
416.000,0.969908
417.000,0.969785
418.000,0.969661
419.000,0.969535
420.000,0.969406
421.000,0.969276
422.000,0.969144
423.000,0.969010
424.000,0.968873
425.000,0.968733
426.000,0.968591
427.000,0.968446
428.000,0.968299
429.000,0.968148
430.000,0.967995
431.000,0.967838
432.000,0.967679
433.000,0.967517
434.000,0.967352
435.000,0.967184
436.000,0.967014
437.000,0.966841
438.000,0.966665
439.000,0.966486
440.000,0.966304
441.000,0.966120
442.000,0.965932
443.000,0.965741
444.000,0.965547
445.000,0.965350
446.000,0.965149
447.000,0.964945
448.000,0.964737
449.000,0.964526
450.000,0.964310
451.000,0.964091
452.000,0.963869
453.000,0.963642
454.000,0.963412
455.000,0.963178
456.000,0.962941
457.000,0.962699
458.000,0.962454
459.000,0.962205
460.000,0.961952
461.000,0.961695
462.000,0.961433
463.000,0.961168
464.000,0.960898
465.000,0.960624
466.000,0.960346
467.000,0.960063
468.000,0.959776
469.000,0.959483
470.000,0.959187
471.000,0.958885
472.000,0.958578
473.000,0.958266
474.000,0.957949
475.000,0.957627
476.000,0.957299
477.000,0.956966
478.000,0.956627
479.000,0.956283
480.000,0.955933
481.000,0.955577
482.000,0.955215
483.000,0.954847
484.000,0.954473
485.000,0.954093
486.000,0.953706
487.000,0.953313
488.000,0.952913
489.000,0.952507
490.000,0.952093
491.000,0.951672
492.000,0.951245
493.000,0.950809
494.000,0.950367
495.000,0.949916
496.000,0.949457
497.000,0.948991
498.000,0.948516
499.000,0.948033
500.000,0.947541
501.000,0.947041
502.000,0.946532
503.000,0.946013
504.000,0.945486
505.000,0.944949
506.000,0.944402
507.000,0.943845
508.000,0.943279
509.000,0.942702
510.000,0.942114
511.000,0.941516
512.000,0.940907
513.000,0.940286
514.000,0.939654
515.000,0.939010
516.000,0.938354
517.000,0.937685
518.000,0.937004
519.000,0.936311
520.000,0.935604
521.000,0.934884
522.000,0.934150
523.000,0.933402
524.000,0.932640
525.000,0.931863
526.000,0.931071
527.000,0.930264
528.000,0.929441
529.000,0.928602
530.000,0.927745
531.000,0.926872
532.000,0.925981
533.000,0.925072
534.000,0.924144
535.000,0.923198
536.000,0.922232
537.000,0.921246
538.000,0.920239
539.000,0.919212
540.000,0.918163
541.000,0.917092
542.000,0.915999
543.000,0.914883
544.000,0.913743
545.000,0.912580
546.000,0.911391
547.000,0.910176
548.000,0.908936
549.000,0.907668
550.000,0.906373
551.000,0.905049
552.000,0.903696
553.000,0.902312
554.000,0.900898
555.000,0.899452
556.000,0.897973
557.000,0.896461
558.000,0.894914
559.000,0.893331
560.000,0.891712
561.000,0.890055
562.000,0.888360
563.000,0.886624
564.000,0.884848
565.000,0.883030
566.000,0.881168
567.000,0.879262
568.000,0.877310
569.000,0.875311
570.000,0.873264
571.000,0.871166
572.000,0.869016
573.000,0.866814
574.000,0.864556
575.000,0.862241
576.000,0.859868
577.000,0.857434
578.000,0.854937
579.000,0.852376
580.000,0.849748
581.000,0.847052
582.000,0.844284
583.000,0.841444
584.000,0.838529
585.000,0.835536
586.000,0.832464
587.000,0.829310
588.000,0.826073
589.000,0.822748
590.000,0.819334
591.000,0.815828
592.000,0.812226
593.000,0.808526
594.000,0.804724
595.000,0.800817
596.000,0.796801
597.000,0.792672
598.000,0.788426
599.000,0.784059
600.000,0.779568
601.000,0.774948
602.000,0.770194
603.000,0.765302
604.000,0.760268
605.000,0.755087
606.000,0.749755
607.000,0.744265
608.000,0.738614
609.000,0.732797
610.000,0.726807
611.000,0.720641
612.000,0.714291
613.000,0.707754
614.000,0.701022
615.000,0.694091
616.000,0.686954
617.000,0.679606
618.000,0.672041
619.000,0.664253
620.000,0.656234
621.000,0.647980
622.000,0.639483
623.000,0.630737
624.000,0.621736
625.000,0.612473
626.000,0.602941
627.000,0.593134
628.000,0.583046
629.000,0.572672
630.000,0.562006
631.000,0.551045
632.000,0.539785
633.000,0.528222
634.000,0.516356
635.000,0.504187
636.000,0.491715
637.000,0.478942
638.000,0.465871
639.000,0.452509
640.000,0.438860
641.000,0.424933
642.000,0.410738
643.000,0.396287
644.000,0.381593
645.000,0.366673
646.000,0.351547
647.000,0.336239
648.000,0.320775
649.000,0.305187
650.000,0.289514
651.000,0.273797
652.000,0.258086
653.000,0.242436
654.000,0.226909
655.000,0.211572
656.000,0.196499
657.000,0.181765
658.000,0.167453
659.000,0.153643
660.000,0.140419
661.000,0.127858
662.000,0.116036
663.000,0.105021
664.000,0.094872
665.000,0.085636
666.000,0.077350
667.000,0.070035
668.000,0.063698
669.000,0.058334
670.000,0.053921
671.000,0.050425
672.000,0.047803
673.000,0.045999
674.000,0.044955
675.000,0.044604
676.000,0.044879
677.000,0.045714
678.000,0.047044
679.000,0.048810
680.000,0.050957
681.000,0.053438
682.000,0.056212
683.000,0.059246
684.000,0.062512
685.000,0.065990
686.000,0.069664
687.000,0.073523
688.000,0.077557
689.000,0.081761
690.000,0.086129
691.000,0.090657
692.000,0.095340
693.000,0.100173
694.000,0.105151
695.000,0.110266
696.000,0.115512
697.000,0.120880
698.000,0.126363
699.000,0.131952
700.000,0.137638
701.000,0.143415
702.000,0.149274
703.000,0.155209
704.000,0.161213
705.000,0.167281
706.000,0.173407
707.000,0.179586
708.000,0.185815
709.000,0.192087
710.000,0.198400
711.000,0.204748
712.000,0.211128
713.000,0.217533
714.000,0.223960
715.000,0.230402
716.000,0.236855
717.000,0.243312
718.000,0.249768
719.000,0.256216
720.000,0.262650
721.000,0.269064
722.000,0.275453
723.000,0.281809
724.000,0.288128
725.000,0.294403
726.000,0.300629
727.000,0.306800
728.000,0.312912
729.000,0.318960
730.000,0.324938
731.000,0.330842
732.000,0.336669
733.000,0.342413
734.000,0.348071
735.000,0.353639
736.000,0.359114
737.000,0.364493
738.000,0.369772
739.000,0.374949
740.000,0.380022
741.000,0.384988
742.000,0.389846
743.000,0.394594
744.000,0.399230
745.000,0.403754
746.000,0.408164
747.000,0.412460
748.000,0.416641
749.000,0.420707
750.000,0.424658
751.000,0.428493
752.000,0.432214
753.000,0.435818
754.000,0.439308
755.000,0.442683
756.000,0.445943
757.000,0.449089
758.000,0.452122
759.000,0.455040
760.000,0.457846
761.000,0.460538
762.000,0.463119
763.000,0.465588
764.000,0.467946
765.000,0.470193
766.000,0.472331
767.000,0.474359
768.000,0.476279
769.000,0.478092
770.000,0.479798
771.000,0.481398
772.000,0.482892
773.000,0.484282
774.000,0.485568
775.000,0.486751
776.000,0.487831
777.000,0.488809
778.000,0.489686
779.000,0.490462
780.000,0.491138
781.000,0.491714
782.000,0.492192
783.000,0.492571
784.000,0.492852
785.000,0.493036
786.000,0.493123
787.000,0.493113
788.000,0.493008
789.000,0.492807
790.000,0.492510
791.000,0.492120
792.000,0.491634
793.000,0.491055
794.000,0.490382
795.000,0.489616
796.000,0.488757
797.000,0.487805
798.000,0.486761
799.000,0.485624
800.000,0.484395
801.000,0.483075
802.000,0.481663
803.000,0.480160
804.000,0.478567
805.000,0.476882
806.000,0.475107
807.000,0.473242
808.000,0.471286
809.000,0.469241
810.000,0.467105
811.000,0.464881
812.000,0.462567
813.000,0.460164
814.000,0.457673
815.000,0.455093
816.000,0.452425
817.000,0.449670
818.000,0.446827
819.000,0.443897
820.000,0.440881
821.000,0.437779
822.000,0.434591
823.000,0.431318
824.000,0.427961
825.000,0.424520
826.000,0.420996
827.000,0.417390
828.000,0.413703
829.000,0.409935
830.000,0.406087
831.000,0.402160
832.000,0.398156
833.000,0.394076
834.000,0.389921
835.000,0.385692
836.000,0.381391
837.000,0.377018
838.000,0.372577
839.000,0.368068
840.000,0.363494
841.000,0.358856
842.000,0.354157
843.000,0.349398
844.000,0.344582
845.000,0.339711
846.000,0.334788
847.000,0.329816
848.000,0.324798
849.000,0.319736
850.000,0.314633
851.000,0.309494
852.000,0.304321
853.000,0.299118
854.000,0.293888
855.000,0.288636
856.000,0.283365
857.000,0.278079
858.000,0.272782
859.000,0.267479
860.000,0.262174
861.000,0.256871
862.000,0.251575
863.000,0.246291
864.000,0.241024
865.000,0.235777
866.000,0.230557
867.000,0.225369
868.000,0.220216
869.000,0.215105
870.000,0.210040
871.000,0.205026
872.000,0.200069
873.000,0.195173
874.000,0.190343
875.000,0.185583
876.000,0.180899
877.000,0.176295
878.000,0.171776
879.000,0.167345
880.000,0.163007
881.000,0.158766
882.000,0.154626
883.000,0.150590
884.000,0.146662
885.000,0.142844
886.000,0.139141
887.000,0.135554
888.000,0.132086
889.000,0.128739
890.000,0.125516
891.000,0.122418
892.000,0.119445
893.000,0.116601
894.000,0.113885
895.000,0.111298
896.000,0.108841
897.000,0.106514
898.000,0.104318
899.000,0.102251
900.000,0.100315
901.000,0.098508
902.000,0.096830
903.000,0.095280
904.000,0.093858
905.000,0.092562
906.000,0.091392
907.000,0.090347
908.000,0.089425
909.000,0.088625
910.000,0.087947
911.000,0.087388
912.000,0.086947
913.000,0.086624
914.000,0.086416
915.000,0.086323
916.000,0.086343
917.000,0.086475
918.000,0.086717
919.000,0.087067
920.000,0.087526
921.000,0.088091
922.000,0.088760
923.000,0.089533
924.000,0.090408
925.000,0.091384
926.000,0.092460
927.000,0.093634
928.000,0.094904
929.000,0.096270
930.000,0.097730
931.000,0.099283
932.000,0.100928
933.000,0.102663
934.000,0.104487
935.000,0.106398
936.000,0.108396
937.000,0.110479
938.000,0.112646
939.000,0.114895
940.000,0.117225
941.000,0.119635
942.000,0.122123
943.000,0.124689
944.000,0.127329
945.000,0.130044
946.000,0.132832
947.000,0.135690
948.000,0.138619
949.000,0.141616
950.000,0.144679
951.000,0.147807
952.000,0.150999
953.000,0.154253
954.000,0.157567
955.000,0.160940
956.000,0.164369
957.000,0.167853
958.000,0.171390
959.000,0.174978
960.000,0.178616
961.000,0.182301
962.000,0.186032
963.000,0.189807
964.000,0.193623
965.000,0.197479
966.000,0.201373
967.000,0.205302
968.000,0.209265
969.000,0.213260
970.000,0.217285
971.000,0.221338
972.000,0.225416
973.000,0.229517
974.000,0.233641
975.000,0.237784
976.000,0.241945
977.000,0.246121
978.000,0.250312
979.000,0.254514
980.000,0.258726
981.000,0.262947
982.000,0.267174
983.000,0.271406
984.000,0.275641
985.000,0.279877
986.000,0.284113
987.000,0.288348
988.000,0.292579
989.000,0.296805
990.000,0.301025
991.000,0.305238
992.000,0.309441
993.000,0.313634
994.000,0.317816
995.000,0.321985
996.000,0.326140
997.000,0.330281
998.000,0.334405
999.000,0.338512
1000.000,0.342601
1001.000,0.346670
1002.000,0.350720
1003.000,0.354750
1004.000,0.358758
1005.000,0.362743
1006.000,0.366706
1007.000,0.370645
1008.000,0.374560
1009.000,0.378450
1010.000,0.382315
1011.000,0.386154
1012.000,0.389966
1013.000,0.393752
1014.000,0.397511
1015.000,0.401242
1016.000,0.404945
1017.000,0.408620
1018.000,0.412266
1019.000,0.415883
1020.000,0.419472
1021.000,0.423030
1022.000,0.426560
1023.000,0.430059
1024.000,0.433529
1025.000,0.436968
1026.000,0.440378
1027.000,0.443757
1028.000,0.447106
1029.000,0.450425
1030.000,0.453715
1031.000,0.456974
1032.000,0.460203
1033.000,0.463402
1034.000,0.466571
1035.000,0.469710
1036.000,0.472820
1037.000,0.475900
1038.000,0.478950
1039.000,0.481970
1040.000,0.484962
1041.000,0.487924
1042.000,0.490856
1043.000,0.493760
1044.000,0.496635
1045.000,0.499481
1046.000,0.502299
1047.000,0.505088
1048.000,0.507849
1049.000,0.510582
1050.000,0.513287
1051.000,0.515965
1052.000,0.518615
1053.000,0.521238
1054.000,0.523834
1055.000,0.526403
1056.000,0.528946
1057.000,0.531462
1058.000,0.533952
1059.000,0.536416
1060.000,0.538855
1061.000,0.541268
1062.000,0.543656
1063.000,0.546019
1064.000,0.548358
1065.000,0.550672
1066.000,0.552962
1067.000,0.555228
1068.000,0.557470
1069.000,0.559688
1070.000,0.561883
1071.000,0.564055
1072.000,0.566205
1073.000,0.568331
1074.000,0.570435
1075.000,0.572517
1076.000,0.574577
1077.000,0.576615
1078.000,0.578632
1079.000,0.580627
1080.000,0.582601
1081.000,0.584555
1082.000,0.586488
1083.000,0.588401
1084.000,0.590294
1085.000,0.592167
1086.000,0.594020
1087.000,0.595854
1088.000,0.597669
1089.000,0.599465
1090.000,0.601242
1091.000,0.603001
1092.000,0.604741
1093.000,0.606463
1094.000,0.608167
1095.000,0.609853
1096.000,0.611521
1097.000,0.613173
1098.000,0.614807
1099.000,0.616424
1100.000,0.618024
1101.000,0.619608
1102.000,0.621176
1103.000,0.622727
1104.000,0.624262
1105.000,0.625781
1106.000,0.627285
1107.000,0.628773
1108.000,0.630246
1109.000,0.631704
1110.000,0.633146
1111.000,0.634574
1112.000,0.635988
1113.000,0.637387
1114.000,0.638771
1115.000,0.640142
1116.000,0.641498
1117.000,0.642841
1118.000,0.644170
1119.000,0.645486
1120.000,0.646789
1121.000,0.648078
1122.000,0.649355
1123.000,0.650619
1124.000,0.651870
1125.000,0.653108
1126.000,0.654334
1127.000,0.655548
1128.000,0.656750
1129.000,0.657940
1130.000,0.659118
1131.000,0.660284
1132.000,0.661438
1133.000,0.662581
1134.000,0.663713
1135.000,0.664834
1136.000,0.665943
1137.000,0.667041
1138.000,0.668129
1139.000,0.669206
1140.000,0.670272
1141.000,0.671328
1142.000,0.672374
1143.000,0.673409
1144.000,0.674434
1145.000,0.675450
1146.000,0.676455
1147.000,0.677451
1148.000,0.678437
1149.000,0.679414
1150.000,0.680381
1151.000,0.681339
1152.000,0.682288
1153.000,0.683227
1154.000,0.684158
1155.000,0.685079
1156.000,0.685992
1157.000,0.686896
1158.000,0.687791
1159.000,0.688677
1160.000,0.689555
1161.000,0.690425
1162.000,0.691286
1163.000,0.692139
1164.000,0.692984
1165.000,0.693821
1166.000,0.694650
1167.000,0.695471
1168.000,0.696285
1169.000,0.697090
1170.000,0.697889
1171.000,0.698679
1172.000,0.699463
1173.000,0.700239
1174.000,0.701008
1175.000,0.701769
1176.000,0.702524
1177.000,0.703272
1178.000,0.704012
1179.000,0.704746
1180.000,0.705473
1181.000,0.706193
1182.000,0.706907
1183.000,0.707614
1184.000,0.708314
1185.000,0.709008
1186.000,0.709695
1187.000,0.710376
1188.000,0.711051
1189.000,0.711720
1190.000,0.712382
1191.000,0.713038
1192.000,0.713688
1193.000,0.714332
1194.000,0.714970
1195.000,0.715602
1196.000,0.716229
1197.000,0.716850
1198.000,0.717465
1199.000,0.718074
1200.000,0.718678
1201.000,0.719277
1202.000,0.719870
1203.000,0.720457
1204.000,0.721040
1205.000,0.721617
1206.000,0.722189
1207.000,0.722755
1208.000,0.723317
1209.000,0.723873
1210.000,0.724424
1211.000,0.724970
1212.000,0.725511
1213.000,0.726048
1214.000,0.726579
1215.000,0.727105
1216.000,0.727627
1217.000,0.728144
1218.000,0.728656
1219.000,0.729164
1220.000,0.729667
1221.000,0.730166
1222.000,0.730660
1223.000,0.731149
1224.000,0.731634
1225.000,0.732115
1226.000,0.732592
1227.000,0.733064
1228.000,0.733532
1229.000,0.733995
1230.000,0.734455
1231.000,0.734910
1232.000,0.735361
1233.000,0.735808
1234.000,0.736251
1235.000,0.736690
1236.000,0.737125
1237.000,0.737556
1238.000,0.737983
1239.000,0.738406
1240.000,0.738825
1241.000,0.739241
1242.000,0.739652
1243.000,0.740060
1244.000,0.740465
1245.000,0.740865
1246.000,0.741262
1247.000,0.741656
1248.000,0.742046
1249.000,0.742432
1250.000,0.742814
1251.000,0.743193
1252.000,0.743569
1253.000,0.743941
1254.000,0.744310
1255.000,0.744675
1256.000,0.745037
1257.000,0.745395
1258.000,0.745750
1259.000,0.746102
1260.000,0.746450
1261.000,0.746796
1262.000,0.747138
1263.000,0.747477
1264.000,0.747812
1265.000,0.748145
1266.000,0.748475
1267.000,0.748801
1268.000,0.749125
1269.000,0.749445
1270.000,0.749762
1271.000,0.750077
1272.000,0.750388
1273.000,0.750696
1274.000,0.751001
1275.000,0.751304
1276.000,0.751603
1277.000,0.751900
1278.000,0.752194
1279.000,0.752484
1280.000,0.752772
1281.000,0.753058
1282.000,0.753340
1283.000,0.753619
1284.000,0.753896
1285.000,0.754171
1286.000,0.754442
1287.000,0.754711
1288.000,0.754977
1289.000,0.755241
1290.000,0.755502
1291.000,0.755760
1292.000,0.756016
1293.000,0.756269
1294.000,0.756520
1295.000,0.756768
1296.000,0.757013
1297.000,0.757256
1298.000,0.757497
1299.000,0.757734
1300.000,0.757970
1301.000,0.758203
1302.000,0.758433
1303.000,0.758661
1304.000,0.758886
1305.000,0.759110
1306.000,0.759330
1307.000,0.759549
1308.000,0.759765
1309.000,0.759979
1310.000,0.760190
1311.000,0.760399
1312.000,0.760606
1313.000,0.760811
1314.000,0.761013
1315.000,0.761213
1316.000,0.761411
1317.000,0.761606
1318.000,0.761800
1319.000,0.761991
1320.000,0.762179
1321.000,0.762366
1322.000,0.762550
1323.000,0.762732
1324.000,0.762911
1325.000,0.763089
1326.000,0.763264
1327.000,0.763437
1328.000,0.763608
1329.000,0.763777
1330.000,0.763943
1331.000,0.764108
1332.000,0.764271
1333.000,0.764431
1334.000,0.764590
1335.000,0.764746
1336.000,0.764900
1337.000,0.765052
1338.000,0.765203
1339.000,0.765351
1340.000,0.765497
1341.000,0.765641
1342.000,0.765783
1343.000,0.765922
1344.000,0.766060
1345.000,0.766196
1346.000,0.766330
1347.000,0.766461
1348.000,0.766591
1349.000,0.766718
1350.000,0.766844
1351.000,0.766967
1352.000,0.767089
1353.000,0.767209
1354.000,0.767326
1355.000,0.767442
1356.000,0.767556
1357.000,0.767668
1358.000,0.767778
1359.000,0.767886
1360.000,0.767992
1361.000,0.768096
1362.000,0.768198
1363.000,0.768298
1364.000,0.768397
1365.000,0.768493
1366.000,0.768588
1367.000,0.768680
1368.000,0.768771
1369.000,0.768859
1370.000,0.768946
1371.000,0.769030
1372.000,0.769113
1373.000,0.769194
1374.000,0.769273
1375.000,0.769349
1376.000,0.769424
1377.000,0.769497
1378.000,0.769568
1379.000,0.769637
1380.000,0.769704
1381.000,0.769769
1382.000,0.769833
1383.000,0.769894
1384.000,0.769953
1385.000,0.770011
1386.000,0.770066
1387.000,0.770120
1388.000,0.770172
1389.000,0.770221
1390.000,0.770269
1391.000,0.770315
1392.000,0.770359
1393.000,0.770401
1394.000,0.770441
1395.000,0.770479
1396.000,0.770515
1397.000,0.770549
1398.000,0.770582
1399.000,0.770612
1400.000,0.770641
1401.000,0.770667
1402.000,0.770692
1403.000,0.770714
1404.000,0.770734
1405.000,0.770753
1406.000,0.770769
1407.000,0.770783
1408.000,0.770796
1409.000,0.770806
1410.000,0.770814
1411.000,0.770820
1412.000,0.770824
1413.000,0.770825
1414.000,0.770825
1415.000,0.770823
1416.000,0.770819
1417.000,0.770812
1418.000,0.770804
1419.000,0.770793
1420.000,0.770781
1421.000,0.770766
1422.000,0.770749
1423.000,0.770730
1424.000,0.770709
1425.000,0.770686
1426.000,0.770660
1427.000,0.770632
1428.000,0.770602
1429.000,0.770570
1430.000,0.770535
1431.000,0.770498
1432.000,0.770458
1433.000,0.770417
1434.000,0.770373
1435.000,0.770327
1436.000,0.770278
1437.000,0.770228
1438.000,0.770175
1439.000,0.770119
1440.000,0.770062
1441.000,0.770002
1442.000,0.769940
1443.000,0.769875
1444.000,0.769808
1445.000,0.769739
1446.000,0.769667
1447.000,0.769592
1448.000,0.769515
1449.000,0.769436
1450.000,0.769354
1451.000,0.769269
1452.000,0.769181
1453.000,0.769091
1454.000,0.768998
1455.000,0.768903
1456.000,0.768805
1457.000,0.768704
1458.000,0.768600
1459.000,0.768494
1460.000,0.768385
1461.000,0.768273
1462.000,0.768158
1463.000,0.768041
1464.000,0.767921
1465.000,0.767798
1466.000,0.767672
1467.000,0.767543
1468.000,0.767411
1469.000,0.767276
1470.000,0.767138
1471.000,0.766997
1472.000,0.766853
1473.000,0.766706
1474.000,0.766555
1475.000,0.766402
1476.000,0.766245
1477.000,0.766085
1478.000,0.765922
1479.000,0.765755
1480.000,0.765585
1481.000,0.765412
1482.000,0.765235
1483.000,0.765055
1484.000,0.764871
1485.000,0.764684
1486.000,0.764493
1487.000,0.764298
1488.000,0.764100
1489.000,0.763898
1490.000,0.763693
1491.000,0.763483
1492.000,0.763270
1493.000,0.763053
1494.000,0.762832
1495.000,0.762607
1496.000,0.762378
1497.000,0.762145
1498.000,0.761908
1499.000,0.761667
1500.000,0.761422
1501.000,0.761172
1502.000,0.760919
1503.000,0.760661
1504.000,0.760398
1505.000,0.760132
1506.000,0.759860
1507.000,0.759585
1508.000,0.759304
1509.000,0.759019
1510.000,0.758730
1511.000,0.758435
1512.000,0.758136
1513.000,0.757831
1514.000,0.757522
1515.000,0.757208
1516.000,0.756888
1517.000,0.756564
1518.000,0.756234
1519.000,0.755898
1520.000,0.755558
1521.000,0.755212
1522.000,0.754860
1523.000,0.754503
1524.000,0.754140
1525.000,0.753772
1526.000,0.753398
1527.000,0.753018
1528.000,0.752632
1529.000,0.752241
1530.000,0.751843
1531.000,0.751439
1532.000,0.751028
1533.000,0.750611
1534.000,0.750188
1535.000,0.749759
1536.000,0.749322
1537.000,0.748879
1538.000,0.748429
1539.000,0.747973
1540.000,0.747509
1541.000,0.747038
1542.000,0.746560
1543.000,0.746075
1544.000,0.745583
1545.000,0.745083
1546.000,0.744576
1547.000,0.744061
1548.000,0.743538
1549.000,0.743008
1550.000,0.742469
1551.000,0.741923
1552.000,0.741368
1553.000,0.740805
1554.000,0.740234
1555.000,0.739654
1556.000,0.739066
1557.000,0.738468
1558.000,0.737862
1559.000,0.737247
1560.000,0.736622
1561.000,0.735989
1562.000,0.735346
1563.000,0.734694
1564.000,0.734032
1565.000,0.733360
1566.000,0.732679
1567.000,0.731987
1568.000,0.731286
1569.000,0.730575
1570.000,0.729853
1571.000,0.729120
1572.000,0.728378
1573.000,0.727624
1574.000,0.726859
1575.000,0.726084
1576.000,0.725297
1577.000,0.724498
1578.000,0.723689
1579.000,0.722867
1580.000,0.722034
1581.000,0.721189
1582.000,0.720331
1583.000,0.719462
1584.000,0.718580
1585.000,0.717686
1586.000,0.716780
1587.000,0.715860
1588.000,0.714928
1589.000,0.713983
1590.000,0.713025
1591.000,0.712054
1592.000,0.711069
1593.000,0.710071
1594.000,0.709059
1595.000,0.708033
1596.000,0.706993
1597.000,0.705939
1598.000,0.704871
1599.000,0.703788
1600.000,0.702691
1601.000,0.701579
1602.000,0.700452
1603.000,0.699311
1604.000,0.698154
1605.000,0.696982
1606.000,0.695795
1607.000,0.694593
1608.000,0.693375
1609.000,0.692142
1610.000,0.690893
1611.000,0.689629
1612.000,0.688349
1613.000,0.687053
1614.000,0.685741
1615.000,0.684414
1616.000,0.683070
1617.000,0.681710
1618.000,0.680334
1619.000,0.678942
1620.000,0.677533
1621.000,0.676108
1622.000,0.674667
1623.000,0.673210
1624.000,0.671736
1625.000,0.670246
1626.000,0.668740
1627.000,0.667218
1628.000,0.665679
1629.000,0.664125
1630.000,0.662555
1631.000,0.660970
1632.000,0.659369
1633.000,0.657752
1634.000,0.656121
1635.000,0.654474
1636.000,0.652812
1637.000,0.651135
1638.000,0.649443
1639.000,0.647737
1640.000,0.646016
1641.000,0.644281
1642.000,0.642532
1643.000,0.640769
1644.000,0.638993
1645.000,0.637203
1646.000,0.635401
1647.000,0.633587
1648.000,0.631761
1649.000,0.629924
1650.000,0.628075
1651.000,0.626216
1652.000,0.624347
1653.000,0.622469
1654.000,0.620582
1655.000,0.618686
1656.000,0.616783
1657.000,0.614872
1658.000,0.612955
1659.000,0.611031
1660.000,0.609102
1661.000,0.607169
1662.000,0.605230
1663.000,0.603289
1664.000,0.601345
1665.000,0.599398
1666.000,0.597451
1667.000,0.595503
1668.000,0.593555
1669.000,0.591608
1670.000,0.589663
1671.000,0.587720
1672.000,0.585781
1673.000,0.583846
1674.000,0.581916
1675.000,0.579991
1676.000,0.578073
1677.000,0.576163
1678.000,0.574260
1679.000,0.572367
1680.000,0.570484
1681.000,0.568612
1682.000,0.566752
1683.000,0.564905
1684.000,0.563072
1685.000,0.561254
1686.000,0.559452
1687.000,0.557667
1688.000,0.555900
1689.000,0.554151
1690.000,0.552422
1691.000,0.550713
1692.000,0.549026
1693.000,0.547361
1694.000,0.545719
1695.000,0.544100
1696.000,0.542506
1697.000,0.540937
1698.000,0.539394
1699.000,0.537878
1700.000,0.536390
1701.000,0.534930
1702.000,0.533499
1703.000,0.532097
1704.000,0.530726
1705.000,0.529385
1706.000,0.528077
1707.000,0.526800
1708.000,0.525556
1709.000,0.524346
1710.000,0.523169
1711.000,0.522026
1712.000,0.520917
1713.000,0.519844
1714.000,0.518806
1715.000,0.517804
1716.000,0.516837
1717.000,0.515907
1718.000,0.515014
1719.000,0.514157
1720.000,0.513337
1721.000,0.512555
1722.000,0.511809
1723.000,0.511102
1724.000,0.510431
1725.000,0.509799
1726.000,0.509203
1727.000,0.508646
1728.000,0.508126
1729.000,0.507643
1730.000,0.507198
1731.000,0.506790
1732.000,0.506419
1733.000,0.506085
1734.000,0.505788
1735.000,0.505527
1736.000,0.505302
1737.000,0.505113
1738.000,0.504959
1739.000,0.504841
1740.000,0.504758
1741.000,0.504709
1742.000,0.504694
1743.000,0.504713
1744.000,0.504766
1745.000,0.504851
1746.000,0.504969
1747.000,0.505120
1748.000,0.505301
1749.000,0.505514
1750.000,0.505757
1751.000,0.506031
1752.000,0.506334
1753.000,0.506666
1754.000,0.507027
1755.000,0.507416
1756.000,0.507833
1757.000,0.508276
1758.000,0.508745
1759.000,0.509241
1760.000,0.509761
1761.000,0.510305
1762.000,0.510874
1763.000,0.511466
1764.000,0.512080
1765.000,0.512716
1766.000,0.513374
1767.000,0.514052
1768.000,0.514750
1769.000,0.515468
1770.000,0.516206
1771.000,0.516961
1772.000,0.517735
1773.000,0.518527
1774.000,0.519335
1775.000,0.520160
1776.000,0.521001
1777.000,0.521858
1778.000,0.522729
1779.000,0.523614
1780.000,0.524513
1781.000,0.525425
1782.000,0.526349
1783.000,0.527285
1784.000,0.528231
1785.000,0.529189
1786.000,0.530156
1787.000,0.531133
1788.000,0.532119
1789.000,0.533113
1790.000,0.534115
1791.000,0.535125
1792.000,0.536143
1793.000,0.537167
1794.000,0.538198
1795.000,0.539235
1796.000,0.540277
1797.000,0.541325
1798.000,0.542378
1799.000,0.543435
1800.000,0.544496
1801.000,0.545561
1802.000,0.546629
1803.000,0.547700
1804.000,0.548773
1805.000,0.549849
1806.000,0.550926
1807.000,0.552005
1808.000,0.553085
1809.000,0.554166
1810.000,0.555248
1811.000,0.556330
1812.000,0.557411
1813.000,0.558493
1814.000,0.559574
1815.000,0.560654
1816.000,0.561734
1817.000,0.562812
1818.000,0.563888
1819.000,0.564962
1820.000,0.566034
1821.000,0.567104
1822.000,0.568171
1823.000,0.569235
1824.000,0.570295
1825.000,0.571352
1826.000,0.572405
1827.000,0.573455
1828.000,0.574500
1829.000,0.575542
1830.000,0.576579
1831.000,0.577612
1832.000,0.578641
1833.000,0.579666
1834.000,0.580687
1835.000,0.581703
1836.000,0.582715
1837.000,0.583722
1838.000,0.584724
1839.000,0.585722
1840.000,0.586714
1841.000,0.587701
1842.000,0.588682
1843.000,0.589658
1844.000,0.590628
1845.000,0.591592
1846.000,0.592551
1847.000,0.593503
1848.000,0.594449
1849.000,0.595388
1850.000,0.596322
1851.000,0.597250
1852.000,0.598171
1853.000,0.599086
1854.000,0.599996
1855.000,0.600899
1856.000,0.601796
1857.000,0.602686
1858.000,0.603571
1859.000,0.604450
1860.000,0.605322
1861.000,0.606188
1862.000,0.607048
1863.000,0.607901
1864.000,0.608749
1865.000,0.609589
1866.000,0.610424
1867.000,0.611252
1868.000,0.612073
1869.000,0.612888
1870.000,0.613696
1871.000,0.614498
1872.000,0.615293
1873.000,0.616081
1874.000,0.616863
1875.000,0.617638
1876.000,0.618407
1877.000,0.619170
1878.000,0.619926
1879.000,0.620675
1880.000,0.621419
1881.000,0.622156
1882.000,0.622887
1883.000,0.623612
1884.000,0.624331
1885.000,0.625044
1886.000,0.625751
1887.000,0.626452
1888.000,0.627147
1889.000,0.627836
1890.000,0.628519
1891.000,0.629195
1892.000,0.629866
1893.000,0.630530
1894.000,0.631189
1895.000,0.631841
1896.000,0.632488
1897.000,0.633129
1898.000,0.633764
1899.000,0.634393
1900.000,0.635016
1901.000,0.635634
1902.000,0.636246
1903.000,0.636852
1904.000,0.637453
1905.000,0.638049
1906.000,0.638639
1907.000,0.639224
1908.000,0.639804
1909.000,0.640378
1910.000,0.640947
1911.000,0.641511
1912.000,0.642069
1913.000,0.642623
1914.000,0.643171
1915.000,0.643715
1916.000,0.644253
1917.000,0.644787
1918.000,0.645315
1919.000,0.645838
1920.000,0.646357
1921.000,0.646870
1922.000,0.647379
1923.000,0.647883
1924.000,0.648381
1925.000,0.648875
1926.000,0.649365
1927.000,0.649849
1928.000,0.650329
1929.000,0.650804
1930.000,0.651274
1931.000,0.651740
1932.000,0.652202
1933.000,0.652659
1934.000,0.653112
1935.000,0.653560
1936.000,0.654004
1937.000,0.654444
1938.000,0.654880
1939.000,0.655312
1940.000,0.655739
1941.000,0.656163
1942.000,0.656582
1943.000,0.656997
1944.000,0.657408
1945.000,0.657815
1946.000,0.658218
1947.000,0.658618
1948.000,0.659013
1949.000,0.659404
1950.000,0.659791
1951.000,0.660175
1952.000,0.660555
1953.000,0.660931
1954.000,0.661303
1955.000,0.661672
1956.000,0.662038
1957.000,0.662400
1958.000,0.662758
1959.000,0.663113
1960.000,0.663464
1961.000,0.663812
1962.000,0.664157
1963.000,0.664499
1964.000,0.664836
1965.000,0.665171
1966.000,0.665502
1967.000,0.665830
1968.000,0.666155
1969.000,0.666476
1970.000,0.666795
1971.000,0.667109
1972.000,0.667421
1973.000,0.667730
1974.000,0.668035
1975.000,0.668337
1976.000,0.668636
1977.000,0.668933
1978.000,0.669226
1979.000,0.669516
1980.000,0.669803
1981.000,0.670088
1982.000,0.670369
1983.000,0.670648
1984.000,0.670924
1985.000,0.671198
1986.000,0.671468
1987.000,0.671736
1988.000,0.672002
1989.000,0.672264
1990.000,0.672525
1991.000,0.672782
1992.000,0.673037
1993.000,0.673290
1994.000,0.673540
1995.000,0.673787
1996.000,0.674032
1997.000,0.674274
1998.000,0.674514
1999.000,0.674751
2000.000,0.674986
2001.000,0.675218
2002.000,0.675448
2003.000,0.675676
2004.000,0.675901
2005.000,0.676123
2006.000,0.676343
2007.000,0.676562
2008.000,0.676777
2009.000,0.676991
2010.000,0.677203
2011.000,0.677413
2012.000,0.677620
2013.000,0.677826
2014.000,0.678030
2015.000,0.678231
2016.000,0.678431
2017.000,0.678628
2018.000,0.678823
2019.000,0.679016
2020.000,0.679207
2021.000,0.679396
2022.000,0.679582
2023.000,0.679766
2024.000,0.679948
2025.000,0.680128
2026.000,0.680306
2027.000,0.680482
2028.000,0.680656
2029.000,0.680828
2030.000,0.680998
2031.000,0.681167
2032.000,0.681334
2033.000,0.681500
2034.000,0.681664
2035.000,0.681827
2036.000,0.681988
2037.000,0.682147
2038.000,0.682305
2039.000,0.682461
2040.000,0.682616
2041.000,0.682769
2042.000,0.682921
2043.000,0.683071
2044.000,0.683219
2045.000,0.683365
2046.000,0.683510
2047.000,0.683653
2048.000,0.683794
2049.000,0.683933
2050.000,0.684071
2051.000,0.684207
2052.000,0.684341
2053.000,0.684474
2054.000,0.684605
2055.000,0.684735
2056.000,0.684862
2057.000,0.684989
2058.000,0.685113
2059.000,0.685236
2060.000,0.685358
2061.000,0.685478
2062.000,0.685596
2063.000,0.685713
2064.000,0.685829
2065.000,0.685943
2066.000,0.686057
2067.000,0.686169
2068.000,0.686279
2069.000,0.686389
2070.000,0.686497
2071.000,0.686605
2072.000,0.686711
2073.000,0.686816
2074.000,0.686921
2075.000,0.687024
2076.000,0.687125
2077.000,0.687226
2078.000,0.687326
2079.000,0.687424
2080.000,0.687521
2081.000,0.687617
2082.000,0.687711
2083.000,0.687804
2084.000,0.687896
2085.000,0.687987
2086.000,0.688076
2087.000,0.688164
2088.000,0.688251
2089.000,0.688336
2090.000,0.688420
2091.000,0.688503
2092.000,0.688585
2093.000,0.688666
2094.000,0.688745
2095.000,0.688824
2096.000,0.688901
2097.000,0.688978
2098.000,0.689053
2099.000,0.689128
2100.000,0.689202
2101.000,0.689274
2102.000,0.689346
2103.000,0.689416
2104.000,0.689486
2105.000,0.689555
2106.000,0.689622
2107.000,0.689689
2108.000,0.689755
2109.000,0.689820
2110.000,0.689884
2111.000,0.689947
2112.000,0.690009
2113.000,0.690071
2114.000,0.690131
2115.000,0.690190
2116.000,0.690248
2117.000,0.690306
2118.000,0.690362
2119.000,0.690418
2120.000,0.690472
2121.000,0.690526
2122.000,0.690578
2123.000,0.690630
2124.000,0.690681
2125.000,0.690731
2126.000,0.690781
2127.000,0.690829
2128.000,0.690877
2129.000,0.690923
2130.000,0.690969
2131.000,0.691015
2132.000,0.691059
2133.000,0.691103
2134.000,0.691145
2135.000,0.691187
2136.000,0.691229
2137.000,0.691269
2138.000,0.691309
2139.000,0.691347
2140.000,0.691385
2141.000,0.691423
2142.000,0.691459
2143.000,0.691495
2144.000,0.691530
2145.000,0.691564
2146.000,0.691598
2147.000,0.691631
2148.000,0.691663
2149.000,0.691694
2150.000,0.691725
2151.000,0.691755
2152.000,0.691784
2153.000,0.691813
2154.000,0.691840
2155.000,0.691867
2156.000,0.691893
2157.000,0.691919
2158.000,0.691944
2159.000,0.691968
2160.000,0.691992
2161.000,0.692015
2162.000,0.692037
2163.000,0.692059
2164.000,0.692080
2165.000,0.692101
2166.000,0.692121
2167.000,0.692140
2168.000,0.692159
2169.000,0.692177
2170.000,0.692194
2171.000,0.692211
2172.000,0.692227
2173.000,0.692243
2174.000,0.692258
2175.000,0.692272
2176.000,0.692286
2177.000,0.692299
2178.000,0.692311
2179.000,0.692323
2180.000,0.692334
2181.000,0.692344
2182.000,0.692354
2183.000,0.692364
2184.000,0.692373
2185.000,0.692381
2186.000,0.692389
2187.000,0.692397
2188.000,0.692404
2189.000,0.692410
2190.000,0.692416
2191.000,0.692421
2192.000,0.692426
2193.000,0.692431
2194.000,0.692434
2195.000,0.692438
2196.000,0.692440
2197.000,0.692443
2198.000,0.692444
2199.000,0.692446
2200.000,0.692446
2201.000,0.692446
2202.000,0.692446
2203.000,0.692445
2204.000,0.692443
2205.000,0.692441
2206.000,0.692438
2207.000,0.692435
2208.000,0.692431
2209.000,0.692427
2210.000,0.692423
2211.000,0.692418
2212.000,0.692412
2213.000,0.692406
2214.000,0.692400
2215.000,0.692393
2216.000,0.692386
2217.000,0.692379
2218.000,0.692371
2219.000,0.692362
2220.000,0.692353
2221.000,0.692344
2222.000,0.692334
2223.000,0.692324
2224.000,0.692313
2225.000,0.692302
2226.000,0.692290
2227.000,0.692278
2228.000,0.692265
2229.000,0.692252
2230.000,0.692239
2231.000,0.692225
2232.000,0.692211
2233.000,0.692197
2234.000,0.692182
2235.000,0.692166
2236.000,0.692151
2237.000,0.692135
2238.000,0.692118
2239.000,0.692102
2240.000,0.692084
2241.000,0.692066
2242.000,0.692048
2243.000,0.692029
2244.000,0.692010
2245.000,0.691991
2246.000,0.691971
2247.000,0.691950
2248.000,0.691929
2249.000,0.691908
2250.000,0.691886
2251.000,0.691864
2252.000,0.691842
2253.000,0.691819
2254.000,0.691797
2255.000,0.691774
2256.000,0.691750
2257.000,0.691727
2258.000,0.691703
2259.000,0.691679
2260.000,0.691655
2261.000,0.691630
2262.000,0.691605
2263.000,0.691580
2264.000,0.691554
2265.000,0.691528
2266.000,0.691501
2267.000,0.691474
2268.000,0.691447
2269.000,0.691419
2270.000,0.691391
2271.000,0.691362
2272.000,0.691333
2273.000,0.691303
2274.000,0.691273
2275.000,0.691242
2276.000,0.691212
2277.000,0.691181
2278.000,0.691149
2279.000,0.691118
2280.000,0.691086
2281.000,0.691054
2282.000,0.691022
2283.000,0.690989
2284.000,0.690957
2285.000,0.690924
2286.000,0.690891
2287.000,0.690857
2288.000,0.690824
2289.000,0.690790
2290.000,0.690756
2291.000,0.690721
2292.000,0.690686
2293.000,0.690651
2294.000,0.690615
2295.000,0.690579
2296.000,0.690543
2297.000,0.690506
2298.000,0.690469
2299.000,0.690432
2300.000,0.690395
2301.000,0.690357
2302.000,0.690319
2303.000,0.690281
2304.000,0.690243
2305.000,0.690204
2306.000,0.690165
2307.000,0.690126
2308.000,0.690087
2309.000,0.690047
2310.000,0.690007
2311.000,0.689967
2312.000,0.689926
2313.000,0.689885
2314.000,0.689844
2315.000,0.689802
2316.000,0.689760
2317.000,0.689718
2318.000,0.689676
2319.000,0.689633
2320.000,0.689590
2321.000,0.689547
2322.000,0.689504
2323.000,0.689461
2324.000,0.689417
2325.000,0.689373
2326.000,0.689329
2327.000,0.689285
2328.000,0.689240
2329.000,0.689196
2330.000,0.689151
2331.000,0.689105
2332.000,0.689060
2333.000,0.689014
2334.000,0.688968
2335.000,0.688922
2336.000,0.688875
2337.000,0.688828
2338.000,0.688781
2339.000,0.688734
2340.000,0.688687
2341.000,0.688639
2342.000,0.688591
2343.000,0.688544
2344.000,0.688495
2345.000,0.688447
2346.000,0.688399
2347.000,0.688350
2348.000,0.688301
2349.000,0.688252
2350.000,0.688202
2351.000,0.688152
2352.000,0.688102
2353.000,0.688052
2354.000,0.688002
2355.000,0.687951
2356.000,0.687900
2357.000,0.687849
2358.000,0.687797
2359.000,0.687746
2360.000,0.687694
2361.000,0.687642
2362.000,0.687590
2363.000,0.687538
2364.000,0.687485
2365.000,0.687433
2366.000,0.687380
2367.000,0.687327
2368.000,0.687274
2369.000,0.687221
2370.000,0.687167
2371.000,0.687114
2372.000,0.687060
2373.000,0.687006
2374.000,0.686952
2375.000,0.686897
2376.000,0.686843
2377.000,0.686788
2378.000,0.686733
2379.000,0.686678
2380.000,0.686622
2381.000,0.686567
2382.000,0.686511
2383.000,0.686455
2384.000,0.686399
2385.000,0.686343
2386.000,0.686286
2387.000,0.686229
2388.000,0.686172
2389.000,0.686115
2390.000,0.686058
2391.000,0.686000
2392.000,0.685943
2393.000,0.685885
2394.000,0.685827
2395.000,0.685769
2396.000,0.685711
2397.000,0.685653
2398.000,0.685594
2399.000,0.685536
2400.000,0.685477
2401.000,0.685418
2402.000,0.685359
2403.000,0.685299
2404.000,0.685240
2405.000,0.685180
2406.000,0.685120
2407.000,0.685060
2408.000,0.685000
2409.000,0.684939
2410.000,0.684879
2411.000,0.684818
2412.000,0.684757
2413.000,0.684696
2414.000,0.684635
2415.000,0.684574
2416.000,0.684512
2417.000,0.684451
2418.000,0.684389
2419.000,0.684327
2420.000,0.684265
2421.000,0.684203
2422.000,0.684140
2423.000,0.684078
2424.000,0.684015
2425.000,0.683952
2426.000,0.683889
2427.000,0.683826
2428.000,0.683763
2429.000,0.683700
2430.000,0.683636
2431.000,0.683572
2432.000,0.683508
2433.000,0.683444
2434.000,0.683380
2435.000,0.683316
2436.000,0.683251
2437.000,0.683187
2438.000,0.683122
2439.000,0.683057
2440.000,0.682992
2441.000,0.682927
2442.000,0.682861
2443.000,0.682796
2444.000,0.682731
2445.000,0.682665
2446.000,0.682599
2447.000,0.682533
2448.000,0.682468
2449.000,0.682402
2450.000,0.682335
2451.000,0.682269
2452.000,0.682203
2453.000,0.682136
2454.000,0.682069
2455.000,0.682003
2456.000,0.681936
2457.000,0.681869
2458.000,0.681801
2459.000,0.681734
2460.000,0.681666
2461.000,0.681599
2462.000,0.681531
2463.000,0.681463
2464.000,0.681395
2465.000,0.681327
2466.000,0.681259
2467.000,0.681190
2468.000,0.681122
2469.000,0.681053
2470.000,0.680984
2471.000,0.680915
2472.000,0.680846
2473.000,0.680777
2474.000,0.680708
2475.000,0.680639
2476.000,0.680569
2477.000,0.680500
2478.000,0.680430
2479.000,0.680360
2480.000,0.680290
2481.000,0.680220
2482.000,0.680150
2483.000,0.680080
2484.000,0.680010
2485.000,0.679939
2486.000,0.679868
2487.000,0.679798
2488.000,0.679727
2489.000,0.679656
2490.000,0.679585
2491.000,0.679514
2492.000,0.679443
2493.000,0.679371
2494.000,0.679300
2495.000,0.679228
2496.000,0.679157
2497.000,0.679085
2498.000,0.679013
2499.000,0.678941
2500.000,0.678869
2501.000,0.678797
2502.000,0.678724
2503.000,0.678652
2504.000,0.678579
2505.000,0.678506
2506.000,0.678434
2507.000,0.678361
2508.000,0.678288
2509.000,0.678215
2510.000,0.678142
2511.000,0.678068
2512.000,0.677995
2513.000,0.677922
2514.000,0.677849
2515.000,0.677775
2516.000,0.677701
2517.000,0.677628
2518.000,0.677554
2519.000,0.677480
2520.000,0.677406
2521.000,0.677332
2522.000,0.677258
2523.000,0.677184
2524.000,0.677109
2525.000,0.677035
2526.000,0.676960
2527.000,0.676886
2528.000,0.676811
2529.000,0.676736
2530.000,0.676661
2531.000,0.676586
2532.000,0.676511
2533.000,0.676436
2534.000,0.676360
2535.000,0.676285
2536.000,0.676209
2537.000,0.676133
2538.000,0.676058
2539.000,0.675982
2540.000,0.675906
2541.000,0.675830
2542.000,0.675754
2543.000,0.675677
2544.000,0.675601
2545.000,0.675525
2546.000,0.675448
2547.000,0.675372
2548.000,0.675296
2549.000,0.675219
2550.000,0.675143
2551.000,0.675066
2552.000,0.674989
2553.000,0.674913
2554.000,0.674836
2555.000,0.674759
2556.000,0.674682
2557.000,0.674605
2558.000,0.674527
2559.000,0.674450
2560.000,0.674373
2561.000,0.674295
2562.000,0.674217
2563.000,0.674139
2564.000,0.674061
2565.000,0.673983
2566.000,0.673905
2567.000,0.673827
2568.000,0.673748
2569.000,0.673670
2570.000,0.673592
2571.000,0.673514
2572.000,0.673435
2573.000,0.673357
2574.000,0.673279
2575.000,0.673200
2576.000,0.673122
2577.000,0.673043
2578.000,0.672964
2579.000,0.672885
2580.000,0.672806
2581.000,0.672727
2582.000,0.672647
2583.000,0.672568
2584.000,0.672488
2585.000,0.672408
2586.000,0.672328
2587.000,0.672249
2588.000,0.672169
2589.000,0.672089
2590.000,0.672010
2591.000,0.671930
2592.000,0.671851
2593.000,0.671772
2594.000,0.671692
2595.000,0.671613
2596.000,0.671533
2597.000,0.671453
2598.000,0.671373
2599.000,0.671293
2600.000,0.671213
2601.000,0.671132
2602.000,0.671051
2603.000,0.670970
2604.000,0.670889
2605.000,0.670808
2606.000,0.670726
2607.000,0.670645
2608.000,0.670563
2609.000,0.670481
2610.000,0.670400
2611.000,0.670318
2612.000,0.670237
2613.000,0.670155
2614.000,0.670074
2615.000,0.669992
2616.000,0.669911
2617.000,0.669830
2618.000,0.669749
2619.000,0.669668
2620.000,0.669587
2621.000,0.669506
2622.000,0.669425
2623.000,0.669344
2624.000,0.669263
2625.000,0.669182
2626.000,0.669101
2627.000,0.669019
2628.000,0.668937
2629.000,0.668856
2630.000,0.668773
2631.000,0.668691
2632.000,0.668609
2633.000,0.668526
2634.000,0.668443
2635.000,0.668360
2636.000,0.668278
2637.000,0.668195
2638.000,0.668112
2639.000,0.668029
2640.000,0.667946
2641.000,0.667863
2642.000,0.667780
2643.000,0.667697
2644.000,0.667614
2645.000,0.667531
2646.000,0.667448
2647.000,0.667365
2648.000,0.667282
2649.000,0.667199
2650.000,0.667116
2651.000,0.667032
2652.000,0.666949
2653.000,0.666865
2654.000,0.666781
2655.000,0.666697
2656.000,0.666613
2657.000,0.666529
2658.000,0.666444
2659.000,0.666359
2660.000,0.666274
2661.000,0.666189
2662.000,0.666104
2663.000,0.666019
2664.000,0.665935
2665.000,0.665850
2666.000,0.665765
2667.000,0.665680
2668.000,0.665596
2669.000,0.665511
2670.000,0.665427
2671.000,0.665343
2672.000,0.665259
2673.000,0.665175
2674.000,0.665091
2675.000,0.665007
2676.000,0.664923
2677.000,0.664838
2678.000,0.664754
2679.000,0.664670
2680.000,0.664586
2681.000,0.664501
2682.000,0.664416
2683.000,0.664332
2684.000,0.664247
2685.000,0.664161
2686.000,0.664076
2687.000,0.663990
2688.000,0.663905
2689.000,0.663819
2690.000,0.663733
2691.000,0.663647
2692.000,0.663561
2693.000,0.663475
2694.000,0.663390
2695.000,0.663304
2696.000,0.663218
2697.000,0.663132
2698.000,0.663047
2699.000,0.662961
2700.000,0.662876
2701.000,0.662790
2702.000,0.662704
2703.000,0.662619
2704.000,0.662533
2705.000,0.662447
2706.000,0.662361
2707.000,0.662275
2708.000,0.662188
2709.000,0.662102
2710.000,0.662015
2711.000,0.661929
2712.000,0.661842
2713.000,0.661756
2714.000,0.661670
2715.000,0.661583
2716.000,0.661497
2717.000,0.661410
2718.000,0.661324
2719.000,0.661237
2720.000,0.661150
2721.000,0.661064
2722.000,0.660977
2723.000,0.660890
2724.000,0.660804
2725.000,0.660717
2726.000,0.660630
2727.000,0.660543
2728.000,0.660456
2729.000,0.660369
2730.000,0.660282
2731.000,0.660195
2732.000,0.660108
2733.000,0.660021
2734.000,0.659933
2735.000,0.659846
2736.000,0.659759
2737.000,0.659671
2738.000,0.659584
2739.000,0.659496
2740.000,0.659409
2741.000,0.659321
2742.000,0.659234
2743.000,0.659146
2744.000,0.659058
2745.000,0.658971
2746.000,0.658883
2747.000,0.658795
2748.000,0.658708
2749.000,0.658620
2750.000,0.658532
2751.000,0.658444
2752.000,0.658356
2753.000,0.658268
2754.000,0.658180
2755.000,0.658092
2756.000,0.658004
2757.000,0.657916
2758.000,0.657828
2759.000,0.657740
2760.000,0.657652
2761.000,0.657563
2762.000,0.657475
2763.000,0.657387
2764.000,0.657299
2765.000,0.657210
2766.000,0.657122
2767.000,0.657033
2768.000,0.656945
2769.000,0.656857
2770.000,0.656768
2771.000,0.656680
2772.000,0.656591
2773.000,0.656503
2774.000,0.656415
2775.000,0.656326
2776.000,0.656237
2777.000,0.656149
2778.000,0.656060
2779.000,0.655971
2780.000,0.655883
2781.000,0.655794
2782.000,0.655705
2783.000,0.655616
2784.000,0.655527
2785.000,0.655438
2786.000,0.655349
2787.000,0.655260
2788.000,0.655171
2789.000,0.655082
2790.000,0.654993
2791.000,0.654904
2792.000,0.654815
2793.000,0.654725
2794.000,0.654636
2795.000,0.654547
2796.000,0.654458
2797.000,0.654368
2798.000,0.654279
2799.000,0.654190
2800.000,0.654100
2801.000,0.654011
2802.000,0.653922
2803.000,0.653832
2804.000,0.653743
2805.000,0.653653
2806.000,0.653564
2807.000,0.653474
2808.000,0.653385
2809.000,0.653295
2810.000,0.653205
2811.000,0.653116
2812.000,0.653026
2813.000,0.652936
2814.000,0.652846
2815.000,0.652756
2816.000,0.652666
2817.000,0.652576
2818.000,0.652486
2819.000,0.652396
2820.000,0.652306
2821.000,0.652216
2822.000,0.652126
2823.000,0.652036
2824.000,0.651946
2825.000,0.651856
2826.000,0.651766
2827.000,0.651676
2828.000,0.651586
2829.000,0.651496
2830.000,0.651406
2831.000,0.651316
2832.000,0.651225
2833.000,0.651135
2834.000,0.651045
2835.000,0.650955
2836.000,0.650864
2837.000,0.650774
2838.000,0.650683
2839.000,0.650593
2840.000,0.650503
2841.000,0.650412
2842.000,0.650322
2843.000,0.650231
2844.000,0.650141
2845.000,0.650050
2846.000,0.649960
2847.000,0.649869
2848.000,0.649779
2849.000,0.649688
2850.000,0.649598
2851.000,0.649507
2852.000,0.649416
2853.000,0.649325
2854.000,0.649235
2855.000,0.649144
2856.000,0.649053
2857.000,0.648962
2858.000,0.648871
2859.000,0.648780
2860.000,0.648689
2861.000,0.648598
2862.000,0.648508
2863.000,0.648417
2864.000,0.648326
2865.000,0.648235
2866.000,0.648144
2867.000,0.648053
2868.000,0.647962
2869.000,0.647871
2870.000,0.647780
2871.000,0.647689
2872.000,0.647598
2873.000,0.647506
2874.000,0.647415
2875.000,0.647324
2876.000,0.647233
2877.000,0.647141
2878.000,0.647050
2879.000,0.646958
2880.000,0.646867
2881.000,0.646775
2882.000,0.646684
2883.000,0.646593
2884.000,0.646501
2885.000,0.646410
2886.000,0.646318
2887.000,0.646227
2888.000,0.646135
2889.000,0.646044
2890.000,0.645953
2891.000,0.645861
2892.000,0.645770
2893.000,0.645678
2894.000,0.645587
2895.000,0.645495
2896.000,0.645404
2897.000,0.645312
2898.000,0.645220
2899.000,0.645129
2900.000,0.645037
2901.000,0.644945
2902.000,0.644854
2903.000,0.644762
2904.000,0.644670
2905.000,0.644578
2906.000,0.644486
2907.000,0.644395
2908.000,0.644303
2909.000,0.644211
2910.000,0.644119
2911.000,0.644027
2912.000,0.643935
2913.000,0.643844
2914.000,0.643752
2915.000,0.643660
2916.000,0.643568
2917.000,0.643476
2918.000,0.643384
2919.000,0.643292
2920.000,0.643200
2921.000,0.643108
2922.000,0.643016
2923.000,0.642924
2924.000,0.642832
2925.000,0.642740
2926.000,0.642647
2927.000,0.642555
2928.000,0.642463
2929.000,0.642371
2930.000,0.642278
2931.000,0.642186
2932.000,0.642094
2933.000,0.642002
2934.000,0.641909
2935.000,0.641817
2936.000,0.641724
2937.000,0.641632
2938.000,0.641540
2939.000,0.641447
2940.000,0.641355
2941.000,0.641263
2942.000,0.641170
2943.000,0.641078
2944.000,0.640986
2945.000,0.640893
2946.000,0.640801
2947.000,0.640709
2948.000,0.640616
2949.000,0.640524
2950.000,0.640432
2951.000,0.640339
2952.000,0.640247
2953.000,0.640154
2954.000,0.640062
2955.000,0.639969
2956.000,0.639876
2957.000,0.639783
2958.000,0.639690
2959.000,0.639598
2960.000,0.639505
2961.000,0.639412
2962.000,0.639320
2963.000,0.639228
2964.000,0.639135
2965.000,0.639043
2966.000,0.638951
2967.000,0.638859
2968.000,0.638767
2969.000,0.638674
2970.000,0.638582
2971.000,0.638489
2972.000,0.638396
2973.000,0.638302
2974.000,0.638209
2975.000,0.638114
2976.000,0.638020
2977.000,0.637926
2978.000,0.637831
2979.000,0.637737
2980.000,0.637644
2981.000,0.637551
2982.000,0.637459
2983.000,0.637368
2984.000,0.637277
2985.000,0.637188
2986.000,0.637099
2987.000,0.637010
2988.000,0.636921
2989.000,0.636831
2990.000,0.636740
2991.000,0.636647
2992.000,0.636552
2993.000,0.636455
2994.000,0.636355
2995.000,0.636253
2996.000,0.636149
2997.000,0.636044
2998.000,0.635939
2999.000,0.635836