Wavelength,Power transmitted
400.000,0.971509
401.000,0.971425
402.000,0.971340
403.000,0.971254
404.000,0.971166
405.000,0.971075
406.000,0.970981
407.000,0.970883
408.000,0.970782
409.000,0.970677
410.000,0.970568
411.000,0.970457
412.000,0.970342
413.000,0.970225
414.000,0.970105
415.000,0.969984
416.000,0.969860
417.000,0.969734
418.000,0.969607
419.000,0.969477
420.000,0.969346
421.000,0.969212
422.000,0.969077
423.000,0.968938
424.000,0.968798
425.000,0.968655
426.000,0.968509
427.000,0.968360
428.000,0.968208
429.000,0.968053
430.000,0.967895
431.000,0.967735
432.000,0.967571
433.000,0.967404
434.000,0.967234
435.000,0.967061
436.000,0.966886
437.000,0.966707
438.000,0.966526
439.000,0.966342
440.000,0.966154
441.000,0.965964
442.000,0.965770
443.000,0.965573
444.000,0.965373
445.000,0.965169
446.000,0.964962
447.000,0.964750
448.000,0.964535
449.000,0.964316
450.000,0.964094
451.000,0.963867
452.000,0.963637
453.000,0.963402
454.000,0.963163
455.000,0.962921
456.000,0.962674
457.000,0.962424
458.000,0.962169
459.000,0.961910
460.000,0.961647
461.000,0.961380
462.000,0.961108
463.000,0.960832
464.000,0.960551
465.000,0.960266
466.000,0.959976
467.000,0.959681
468.000,0.959381
469.000,0.959076
470.000,0.958766
471.000,0.958451
472.000,0.958131
473.000,0.957805
474.000,0.957473
475.000,0.957136
476.000,0.956792
477.000,0.956443
478.000,0.956088
479.000,0.955727
480.000,0.955360
481.000,0.954986
482.000,0.954606
483.000,0.954219
484.000,0.953826
485.000,0.953425
486.000,0.953018
487.000,0.952604
488.000,0.952183
489.000,0.951754
490.000,0.951317
491.000,0.950873
492.000,0.950421
493.000,0.949961
494.000,0.949492
495.000,0.949015
496.000,0.948529
497.000,0.948034
498.000,0.947531
499.000,0.947018
500.000,0.946495
501.000,0.945963
502.000,0.945422
503.000,0.944870
504.000,0.944308
505.000,0.943735
506.000,0.943152
507.000,0.942558
508.000,0.941952
509.000,0.941335
510.000,0.940706
511.000,0.940066
512.000,0.939412
513.000,0.938747
514.000,0.938068
515.000,0.937376
516.000,0.936671
517.000,0.935951
518.000,0.935218
519.000,0.934470
520.000,0.933708
521.000,0.932930
522.000,0.932137
523.000,0.931328
524.000,0.930503
525.000,0.929661
526.000,0.928802
527.000,0.927925
528.000,0.927031
529.000,0.926118
530.000,0.925186
531.000,0.924234
532.000,0.923262
533.000,0.922269
534.000,0.921255
535.000,0.920219
536.000,0.919161
537.000,0.918080
538.000,0.916975
539.000,0.915847
540.000,0.914693
541.000,0.913514
542.000,0.912309
543.000,0.911078
544.000,0.909818
545.000,0.908531
546.000,0.907215
547.000,0.905868
548.000,0.904492
549.000,0.903083
550.000,0.901642
551.000,0.900168
552.000,0.898659
553.000,0.897114
554.000,0.895533
555.000,0.893915
556.000,0.892257
557.000,0.890560
558.000,0.888822
559.000,0.887041
560.000,0.885217
561.000,0.883348
562.000,0.881433
563.000,0.879470
564.000,0.877459
565.000,0.875396
566.000,0.873282
567.000,0.871114
568.000,0.868891
569.000,0.866611
570.000,0.864272
571.000,0.861872
572.000,0.859410
573.000,0.856883
574.000,0.854289
575.000,0.851625
576.000,0.848890
577.000,0.846080
578.000,0.843194
579.000,0.840228
580.000,0.837181
581.000,0.834049
582.000,0.830830
583.000,0.827520
584.000,0.824118
585.000,0.820621
586.000,0.817024
587.000,0.813326
588.000,0.809524
589.000,0.805613
590.000,0.801590
591.000,0.797452
592.000,0.793194
593.000,0.788812
594.000,0.784303
595.000,0.779661
596.000,0.774881
597.000,0.769959
598.000,0.764890
599.000,0.759667
600.000,0.754286
601.000,0.748742
602.000,0.743029
603.000,0.737141
604.000,0.731072
605.000,0.724817
606.000,0.718370
607.000,0.711725
608.000,0.704875
609.000,0.697815
610.000,0.690538
611.000,0.683036
612.000,0.675304
613.000,0.667335
614.000,0.659121
615.000,0.650655
616.000,0.641931
617.000,0.632940
618.000,0.623676
619.000,0.614131
620.000,0.604299
621.000,0.594174
622.000,0.583748
623.000,0.573017
624.000,0.561975
625.000,0.550618
626.000,0.538943
627.000,0.526946
628.000,0.514626
629.000,0.501983
630.000,0.489018
631.000,0.475733
632.000,0.462131
633.000,0.448217
634.000,0.433999
635.000,0.419485
636.000,0.404685
637.000,0.389614
638.000,0.374288
639.000,0.358726
640.000,0.342953
641.000,0.326997
642.000,0.310892
643.000,0.294678
644.000,0.278400
645.000,0.262111
646.000,0.245873
647.000,0.229752
648.000,0.213822
649.000,0.198164
650.000,0.182861
651.000,0.168004
652.000,0.153681
653.000,0.139982
654.000,0.126995
655.000,0.114800
656.000,0.103470
657.000,0.093070
658.000,0.083649
659.000,0.075244
660.000,0.067876
661.000,0.061551
662.000,0.056257
663.000,0.051968
664.000,0.048645
665.000,0.046237
666.000,0.044682
667.000,0.043913
668.000,0.043857
669.000,0.044441
670.000,0.045595
671.000,0.047248
672.000,0.049339
673.000,0.051812
674.000,0.054617
675.000,0.057714
676.000,0.061069
677.000,0.064658
678.000,0.068460
679.000,0.072460
680.000,0.076649
681.000,0.081019
682.000,0.085564
683.000,0.090280
684.000,0.095162
685.000,0.100206
686.000,0.105407
687.000,0.110757
688.000,0.116251
689.000,0.121879
690.000,0.127634
691.000,0.133506
692.000,0.139487
693.000,0.145568
694.000,0.151741
695.000,0.157996
696.000,0.164328
697.000,0.170730
698.000,0.177195
699.000,0.183717
700.000,0.190292
701.000,0.196914
702.000,0.203579
703.000,0.210281
704.000,0.217016
705.000,0.223779
706.000,0.230563
707.000,0.237365
708.000,0.244176
709.000,0.250991
710.000,0.257803
711.000,0.264606
712.000,0.271392
713.000,0.278154
714.000,0.284885
715.000,0.291579
716.000,0.298229
717.000,0.304828
718.000,0.311370
719.000,0.317849
720.000,0.324261
721.000,0.330599
722.000,0.336859
723.000,0.343037
724.000,0.349128
725.000,0.355129
726.000,0.361035
727.000,0.366845
728.000,0.372554
729.000,0.378160
730.000,0.383660
731.000,0.389052
732.000,0.394334
733.000,0.399505
734.000,0.404561
735.000,0.409502
736.000,0.414327
737.000,0.419034
738.000,0.423623
739.000,0.428092
740.000,0.432442
741.000,0.436672
742.000,0.440783
743.000,0.444773
744.000,0.448645
745.000,0.452397
746.000,0.456031
747.000,0.459547
748.000,0.462946
749.000,0.466228
750.000,0.469395
751.000,0.472447
752.000,0.475385
753.000,0.478211
754.000,0.480924
755.000,0.483526
756.000,0.486019
757.000,0.488401
758.000,0.490676
759.000,0.492842
760.000,0.494902
761.000,0.496856
762.000,0.498705
763.000,0.500449
764.000,0.502090
765.000,0.503628
766.000,0.505065
767.000,0.506400
768.000,0.507636
769.000,0.508772
770.000,0.509810
771.000,0.510750
772.000,0.511593
773.000,0.512341
774.000,0.512992
775.000,0.513549
776.000,0.514012
777.000,0.514382
778.000,0.514658
779.000,0.514842
780.000,0.514934
781.000,0.514934
782.000,0.514843
783.000,0.514662
784.000,0.514391
785.000,0.514031
786.000,0.513581
787.000,0.513042
788.000,0.512414
789.000,0.511699
790.000,0.510895
791.000,0.510004
792.000,0.509025
793.000,0.507959
794.000,0.506807
795.000,0.505567
796.000,0.504241
797.000,0.502829
798.000,0.501330
799.000,0.499745
800.000,0.498075
801.000,0.496319
802.000,0.494477
803.000,0.492550
804.000,0.490537
805.000,0.488440
806.000,0.486257
807.000,0.483989
808.000,0.481637
809.000,0.479201
810.000,0.476679
811.000,0.474074
812.000,0.471384
813.000,0.468611
814.000,0.465754
815.000,0.462814
816.000,0.459790
817.000,0.456684
818.000,0.453495
819.000,0.450224
820.000,0.446872
821.000,0.443438
822.000,0.439924
823.000,0.436329
824.000,0.432655
825.000,0.428902
826.000,0.425071
827.000,0.421162
828.000,0.417177
829.000,0.413116
830.000,0.408981
831.000,0.404772
832.000,0.400490
833.000,0.396137
834.000,0.391715
835.000,0.387223
836.000,0.382665
837.000,0.378041
838.000,0.373354
839.000,0.368605
840.000,0.363795
841.000,0.358928
842.000,0.354004
843.000,0.349028
844.000,0.343999
845.000,0.338923
846.000,0.333800
847.000,0.328635
848.000,0.323429
849.000,0.318186
850.000,0.312909
851.000,0.307602
852.000,0.302268
853.000,0.296911
854.000,0.291534
855.000,0.286141
856.000,0.280736
857.000,0.275324
858.000,0.269908
859.000,0.264493
860.000,0.259083
861.000,0.253683
862.000,0.248298
863.000,0.242931
864.000,0.237588
865.000,0.232274
866.000,0.226994
867.000,0.221752
868.000,0.216553
869.000,0.211403
870.000,0.206307
871.000,0.201269
872.000,0.196294
873.000,0.191387
874.000,0.186552
875.000,0.181795
876.000,0.177119
877.000,0.172530
878.000,0.168031
879.000,0.163626
880.000,0.159320
881.000,0.155116
882.000,0.151017
883.000,0.147027
884.000,0.143149
885.000,0.139386
886.000,0.135741
887.000,0.132216
888.000,0.128813
889.000,0.125534
890.000,0.122380
891.000,0.119354
892.000,0.116456
893.000,0.113688
894.000,0.111049
895.000,0.108541
896.000,0.106163
897.000,0.103916
898.000,0.101800
899.000,0.099814
900.000,0.097958
901.000,0.096231
902.000,0.094632
903.000,0.093162
904.000,0.091818
905.000,0.090600
906.000,0.089506
907.000,0.088537
908.000,0.087689
909.000,0.086962
910.000,0.086355
911.000,0.085867
912.000,0.085495
913.000,0.085239
914.000,0.085098
915.000,0.085069
916.000,0.085152
917.000,0.085345
918.000,0.085646
919.000,0.086055
920.000,0.086571
921.000,0.087190
922.000,0.087913
923.000,0.088738
924.000,0.089664
925.000,0.090689
926.000,0.091812
927.000,0.093031
928.000,0.094346
929.000,0.095755
930.000,0.097256
931.000,0.098849
932.000,0.100532
933.000,0.102304
934.000,0.104164
935.000,0.106110
936.000,0.108141
937.000,0.110255
938.000,0.112452
939.000,0.114731
940.000,0.117089
941.000,0.119525
942.000,0.122038
943.000,0.124628
944.000,0.127291
945.000,0.130028
946.000,0.132836
947.000,0.135714
948.000,0.138661
949.000,0.141675
950.000,0.144755
951.000,0.147898
952.000,0.151105
953.000,0.154372
954.000,0.157698
955.000,0.161082
956.000,0.164521
957.000,0.168015
958.000,0.171561
959.000,0.175157
960.000,0.178802
961.000,0.182493
962.000,0.186229
963.000,0.190009
964.000,0.193829
965.000,0.197688
966.000,0.201585
967.000,0.205516
968.000,0.209481
969.000,0.213477
970.000,0.217501
971.000,0.221554
972.000,0.225631
973.000,0.229731
974.000,0.233853
975.000,0.237994
976.000,0.242152
977.000,0.246326
978.000,0.250513
979.000,0.254712
980.000,0.258920
981.000,0.263137
982.000,0.267360
983.000,0.271587
984.000,0.275817
985.000,0.280048
986.000,0.284279
987.000,0.288508
988.000,0.292734
989.000,0.296955
990.000,0.301170
991.000,0.305376
992.000,0.309574
993.000,0.313762
994.000,0.317938
995.000,0.322102
996.000,0.326251
997.000,0.330386
998.000,0.334504
999.000,0.338606
1000.000,0.342689
1001.000,0.346754
1002.000,0.350798
1003.000,0.354822
1004.000,0.358825
1005.000,0.362806
1006.000,0.366763
1007.000,0.370698
1008.000,0.374608
1009.000,0.378493
1010.000,0.382354
1011.000,0.386188
1012.000,0.389997
1013.000,0.393779
1014.000,0.397533
1015.000,0.401261
1016.000,0.404960
1017.000,0.408632
1018.000,0.412274
1019.000,0.415889
1020.000,0.419474
1021.000,0.423029
1022.000,0.426556
1023.000,0.430053
1024.000,0.433520
1025.000,0.436957
1026.000,0.440364
1027.000,0.443741
1028.000,0.447088
1029.000,0.450406
1030.000,0.453693
1031.000,0.456950
1032.000,0.460178
1033.000,0.463376
1034.000,0.466543
1035.000,0.469682
1036.000,0.472790
1037.000,0.475869
1038.000,0.478918
1039.000,0.481938
1040.000,0.484929
1041.000,0.487890
1042.000,0.490822
1043.000,0.493726
1044.000,0.496600
1045.000,0.499446
1046.000,0.502264
1047.000,0.505053
1048.000,0.507814
1049.000,0.510547
1050.000,0.513252
1051.000,0.515930
1052.000,0.518581
1053.000,0.521204
1054.000,0.523800
1055.000,0.526370
1056.000,0.528913
1057.000,0.531429
1058.000,0.533920
1059.000,0.536385
1060.000,0.538824
1061.000,0.541238
1062.000,0.543627
1063.000,0.545991
1064.000,0.548330
1065.000,0.550645
1066.000,0.552936
1067.000,0.555202
1068.000,0.557445
1069.000,0.559665
1070.000,0.561861
1071.000,0.564034
1072.000,0.566184
1073.000,0.568311
1074.000,0.570416
1075.000,0.572499
1076.000,0.574560
1077.000,0.576599
1078.000,0.578617
1079.000,0.580613
1080.000,0.582589
1081.000,0.584543
1082.000,0.586477
1083.000,0.588391
1084.000,0.590285
1085.000,0.592159
1086.000,0.594013
1087.000,0.595848
1088.000,0.597664
1089.000,0.599461
1090.000,0.601239
1091.000,0.602998
1092.000,0.604739
1093.000,0.606462
1094.000,0.608167
1095.000,0.609854
1096.000,0.611523
1097.000,0.613175
1098.000,0.614810
1099.000,0.616428
1100.000,0.618029
1101.000,0.619613
1102.000,0.621181
1103.000,0.622733
1104.000,0.624269
1105.000,0.625789
1106.000,0.627293
1107.000,0.628782
1108.000,0.630255
1109.000,0.631713
1110.000,0.633156
1111.000,0.634585
1112.000,0.635998
1113.000,0.637398
1114.000,0.638782
1115.000,0.640153
1116.000,0.641510
1117.000,0.642853
1118.000,0.644182
1119.000,0.645498
1120.000,0.646801
1121.000,0.648091
1122.000,0.649367
1123.000,0.650631
1124.000,0.651882
1125.000,0.653120
1126.000,0.654346
1127.000,0.655560
1128.000,0.656762
1129.000,0.657951
1130.000,0.659129
1131.000,0.660294
1132.000,0.661449
1133.000,0.662591
1134.000,0.663722
1135.000,0.664842
1136.000,0.665951
1137.000,0.667049
1138.000,0.668136
1139.000,0.669212
1140.000,0.670278
1141.000,0.671333
1142.000,0.672377
1143.000,0.673412
1144.000,0.674436
1145.000,0.675451
1146.000,0.676456
1147.000,0.677450
1148.000,0.678435
1149.000,0.679411
1150.000,0.680377
1151.000,0.681334
1152.000,0.682281
1153.000,0.683219
1154.000,0.684148
1155.000,0.685068
1156.000,0.685980
1157.000,0.686882
1158.000,0.687775
1159.000,0.688660
1160.000,0.689537
1161.000,0.690405
1162.000,0.691264
1163.000,0.692116
1164.000,0.692959
1165.000,0.693794
1166.000,0.694621
1167.000,0.695440
1168.000,0.696251
1169.000,0.697055
1170.000,0.697851
1171.000,0.698640
1172.000,0.699421
1173.000,0.700195
1174.000,0.700961
1175.000,0.701720
1176.000,0.702473
1177.000,0.703218
1178.000,0.703956
1179.000,0.704687
1180.000,0.705412
1181.000,0.706129
1182.000,0.706840
1183.000,0.707544
1184.000,0.708242
1185.000,0.708933
1186.000,0.709617
1187.000,0.710295
1188.000,0.710967
1189.000,0.711632
1190.000,0.712291
1191.000,0.712944
1192.000,0.713591
1193.000,0.714232
1194.000,0.714866
1195.000,0.715495
1196.000,0.716118
1197.000,0.716735
1198.000,0.717347
1199.000,0.717953
1200.000,0.718553
1201.000,0.719148
1202.000,0.719737
1203.000,0.720321
1204.000,0.720899
1205.000,0.721472
1206.000,0.722040
1207.000,0.722602
1208.000,0.723159
1209.000,0.723711
1210.000,0.724258
1211.000,0.724800
1212.000,0.725337
1213.000,0.725868
1214.000,0.726395
1215.000,0.726917
1216.000,0.727434
1217.000,0.727946
1218.000,0.728454
1219.000,0.728956
1220.000,0.729454
1221.000,0.729948
1222.000,0.730437
1223.000,0.730921
1224.000,0.731401
1225.000,0.731877
1226.000,0.732348
1227.000,0.732815
1228.000,0.733277
1229.000,0.733735
1230.000,0.734189
1231.000,0.734638
1232.000,0.735084
1233.000,0.735525
1234.000,0.735962
1235.000,0.736394
1236.000,0.736823
1237.000,0.737248
1238.000,0.737669
1239.000,0.738085
1240.000,0.738498
1241.000,0.738907
1242.000,0.739312
1243.000,0.739714
1244.000,0.740111
1245.000,0.740505
1246.000,0.740895
1247.000,0.741282
1248.000,0.741664
1249.000,0.742043
1250.000,0.742419
1251.000,0.742790
1252.000,0.743158
1253.000,0.743523
1254.000,0.743884
1255.000,0.744241
1256.000,0.744595
1257.000,0.744946
1258.000,0.745293
1259.000,0.745637
1260.000,0.745977
1261.000,0.746314
1262.000,0.746648
1263.000,0.746978
1264.000,0.747305
1265.000,0.747629
1266.000,0.747950
1267.000,0.748268
1268.000,0.748582
1269.000,0.748893
1270.000,0.749201
1271.000,0.749506
1272.000,0.749808
1273.000,0.750107
1274.000,0.750403
1275.000,0.750695
1276.000,0.750985
1277.000,0.751271
1278.000,0.751555
1279.000,0.751835
1280.000,0.752113
1281.000,0.752388
1282.000,0.752659
1283.000,0.752928
1284.000,0.753194
1285.000,0.753457
1286.000,0.753718
1287.000,0.753975
1288.000,0.754230
1289.000,0.754482
1290.000,0.754731
1291.000,0.754978
1292.000,0.755222
1293.000,0.755463
1294.000,0.755701
1295.000,0.755937
1296.000,0.756170
1297.000,0.756400
1298.000,0.756628
1299.000,0.756852
1300.000,0.757075
1301.000,0.757294
1302.000,0.757511
1303.000,0.757725
1304.000,0.757937
1305.000,0.758146
1306.000,0.758353
1307.000,0.758557
1308.000,0.758758
1309.000,0.758957
1310.000,0.759154
1311.000,0.759348
1312.000,0.759540
1313.000,0.759729
1314.000,0.759916
1315.000,0.760100
1316.000,0.760282
1317.000,0.760461
1318.000,0.760638
1319.000,0.760812
1320.000,0.760984
1321.000,0.761154
1322.000,0.761321
1323.000,0.761485
1324.000,0.761647
1325.000,0.761807
1326.000,0.761964
1327.000,0.762119
1328.000,0.762271
1329.000,0.762421
1330.000,0.762569
1331.000,0.762714
1332.000,0.762857
1333.000,0.762998
1334.000,0.763137
1335.000,0.763273
1336.000,0.763407
1337.000,0.763538
1338.000,0.763667
1339.000,0.763794
1340.000,0.763919
1341.000,0.764041
1342.000,0.764161
1343.000,0.764278
1344.000,0.764393
1345.000,0.764506
1346.000,0.764617
1347.000,0.764725
1348.000,0.764830
1349.000,0.764934
1350.000,0.765035
1351.000,0.765134
1352.000,0.765230
1353.000,0.765325
1354.000,0.765416
1355.000,0.765506
1356.000,0.765593
1357.000,0.765679
1358.000,0.765761
1359.000,0.765842
1360.000,0.765920
1361.000,0.765996
1362.000,0.766070
1363.000,0.766141
1364.000,0.766210
1365.000,0.766277
1366.000,0.766341
1367.000,0.766403
1368.000,0.766463
1369.000,0.766520
1370.000,0.766575
1371.000,0.766627
1372.000,0.766677
1373.000,0.766725
1374.000,0.766770
1375.000,0.766813
1376.000,0.766853
1377.000,0.766891
1378.000,0.766927
1379.000,0.766960
1380.000,0.766991
1381.000,0.767019
1382.000,0.767045
1383.000,0.767069
1384.000,0.767090
1385.000,0.767108
1386.000,0.767124
1387.000,0.767138
1388.000,0.767149
1389.000,0.767158
1390.000,0.767164
1391.000,0.767167
1392.000,0.767168
1393.000,0.767167
1394.000,0.767162
1395.000,0.767156
1396.000,0.767147
1397.000,0.767135
1398.000,0.767121
1399.000,0.767104
1400.000,0.767084
1401.000,0.767062
1402.000,0.767037
1403.000,0.767009
1404.000,0.766979
1405.000,0.766946
1406.000,0.766910
1407.000,0.766871
1408.000,0.766830
1409.000,0.766785
1410.000,0.766738
1411.000,0.766688
1412.000,0.766634
1413.000,0.766578
1414.000,0.766520
1415.000,0.766458
1416.000,0.766393
1417.000,0.766325
1418.000,0.766255
1419.000,0.766181
1420.000,0.766104
1421.000,0.766025
1422.000,0.765942
1423.000,0.765856
1424.000,0.765767
1425.000,0.765674
1426.000,0.765579
1427.000,0.765480
1428.000,0.765377
1429.000,0.765272
1430.000,0.765163
1431.000,0.765050
1432.000,0.764934
1433.000,0.764815
1434.000,0.764692
1435.000,0.764566
1436.000,0.764436
1437.000,0.764302
1438.000,0.764165
1439.000,0.764025
1440.000,0.763881
1441.000,0.763733
1442.000,0.763582
1443.000,0.763427
1444.000,0.763268
1445.000,0.763105
1446.000,0.762938
1447.000,0.762768
1448.000,0.762593
1449.000,0.762414
1450.000,0.762231
1451.000,0.762044
1452.000,0.761852
1453.000,0.761656
1454.000,0.761456
1455.000,0.761252
1456.000,0.761043
1457.000,0.760829
1458.000,0.760611
1459.000,0.760389
1460.000,0.760162
1461.000,0.759930
1462.000,0.759694
1463.000,0.759453
1464.000,0.759207
1465.000,0.758956
1466.000,0.758700
1467.000,0.758440
1468.000,0.758174
1469.000,0.757903
1470.000,0.757627
1471.000,0.757345
1472.000,0.757059
1473.000,0.756766
1474.000,0.756468
1475.000,0.756165
1476.000,0.755856
1477.000,0.755541
1478.000,0.755221
1479.000,0.754894
1480.000,0.754562
1481.000,0.754223
1482.000,0.753879
1483.000,0.753528
1484.000,0.753171
1485.000,0.752808
1486.000,0.752438
1487.000,0.752062
1488.000,0.751679
1489.000,0.751289
1490.000,0.750893
1491.000,0.750489
1492.000,0.750079
1493.000,0.749661
1494.000,0.749236
1495.000,0.748804
1496.000,0.748364
1497.000,0.747917
1498.000,0.747463
1499.000,0.747001
1500.000,0.746531
1501.000,0.746053
1502.000,0.745567
1503.000,0.745073
1504.000,0.744570
1505.000,0.744060
1506.000,0.743541
1507.000,0.743013
1508.000,0.742476
1509.000,0.741931
1510.000,0.741377
1511.000,0.740813
1512.000,0.740241
1513.000,0.739658
1514.000,0.739067
1515.000,0.738465
1516.000,0.737854
1517.000,0.737233
1518.000,0.736602
1519.000,0.735960
1520.000,0.735308
1521.000,0.734646
1522.000,0.733973
1523.000,0.733290
1524.000,0.732595
1525.000,0.731890
1526.000,0.731173
1527.000,0.730445
1528.000,0.729706
1529.000,0.728955
1530.000,0.728192
1531.000,0.727417
1532.000,0.726631
1533.000,0.725831
1534.000,0.725020
1535.000,0.724196
1536.000,0.723359
1537.000,0.722509
1538.000,0.721646
1539.000,0.720770
1540.000,0.719880
1541.000,0.718977
1542.000,0.718061
1543.000,0.717130
1544.000,0.716186
1545.000,0.715228
1546.000,0.714255
1547.000,0.713269
1548.000,0.712267
1549.000,0.711251
1550.000,0.710220
1551.000,0.709174
1552.000,0.708113
1553.000,0.707037
1554.000,0.705945
1555.000,0.704838
1556.000,0.703714
1557.000,0.702575
1558.000,0.701420
1559.000,0.700249
1560.000,0.699062
1561.000,0.697859
1562.000,0.696639
1563.000,0.695403
1564.000,0.694150
1565.000,0.692881
1566.000,0.691595
1567.000,0.690293
1568.000,0.688973
1569.000,0.687638
1570.000,0.686285
1571.000,0.684915
1572.000,0.683529
1573.000,0.682126
1574.000,0.680705
1575.000,0.679268
1576.000,0.677814
1577.000,0.676342
1578.000,0.674854
1579.000,0.673349
1580.000,0.671827
1581.000,0.670289
1582.000,0.668734
1583.000,0.667163
1584.000,0.665576
1585.000,0.663973
1586.000,0.662355
1587.000,0.660721
1588.000,0.659071
1589.000,0.657407
1590.000,0.655728
1591.000,0.654035
1592.000,0.652327
1593.000,0.650606
1594.000,0.648871
1595.000,0.647123
1596.000,0.645362
1597.000,0.643589
1598.000,0.641804
1599.000,0.640007
1600.000,0.638200
1601.000,0.636382
1602.000,0.634554
1603.000,0.632717
1604.000,0.630871
1605.000,0.629018
1606.000,0.627157
1607.000,0.625289
1608.000,0.623415
1609.000,0.621536
1610.000,0.619653
1611.000,0.617766
1612.000,0.615876
1613.000,0.613984
1614.000,0.612091
1615.000,0.610198
1616.000,0.608306
1617.000,0.606414
1618.000,0.604526
1619.000,0.602640
1620.000,0.600759
1621.000,0.598883
1622.000,0.597013
1623.000,0.595151
1624.000,0.593296
1625.000,0.591451
1626.000,0.589617
1627.000,0.587793
1628.000,0.585983
1629.000,0.584185
1630.000,0.582403
1631.000,0.580637
1632.000,0.578887
1633.000,0.577155
1634.000,0.575443
1635.000,0.573750
1636.000,0.572079
1637.000,0.570429
1638.000,0.568803
1639.000,0.567201
1640.000,0.565623
1641.000,0.564072
1642.000,0.562548
1643.000,0.561051
1644.000,0.559583
1645.000,0.558145
1646.000,0.556737
1647.000,0.555361
1648.000,0.554017
1649.000,0.552707
1650.000,0.551430
1651.000,0.550188
1652.000,0.548981
1653.000,0.547811
1654.000,0.546677
1655.000,0.545580
1656.000,0.544521
1657.000,0.543501
1658.000,0.542519
1659.000,0.541577
1660.000,0.540674
1661.000,0.539811
1662.000,0.538988
1663.000,0.538206
1664.000,0.537464
1665.000,0.536763
1666.000,0.536103
1667.000,0.535485
1668.000,0.534907
1669.000,0.534370
1670.000,0.533875
1671.000,0.533421
1672.000,0.533008
1673.000,0.532636
1674.000,0.532305
1675.000,0.532015
1676.000,0.531765
1677.000,0.531555
1678.000,0.531385
1679.000,0.531255
1680.000,0.531165
1681.000,0.531113
1682.000,0.531100
1683.000,0.531124
1684.000,0.531186
1685.000,0.531286
1686.000,0.531421
1687.000,0.531593
1688.000,0.531799
1689.000,0.532041
1690.000,0.532317
1691.000,0.532626
1692.000,0.532968
1693.000,0.533343
1694.000,0.533749
1695.000,0.534186
1696.000,0.534654
1697.000,0.535151
1698.000,0.535677
1699.000,0.536231
1700.000,0.536813
1701.000,0.537421
1702.000,0.538055
1703.000,0.538715
1704.000,0.539399
1705.000,0.540107
1706.000,0.540837
1707.000,0.541591
1708.000,0.542365
1709.000,0.543161
1710.000,0.543977
1711.000,0.544812
1712.000,0.545666
1713.000,0.546539
1714.000,0.547428
1715.000,0.548335
1716.000,0.549258
1717.000,0.550196
1718.000,0.551148
1719.000,0.552115
1720.000,0.553094
1721.000,0.554086
1722.000,0.555090
1723.000,0.556105
1724.000,0.557131
1725.000,0.558166
1726.000,0.559211
1727.000,0.560264
1728.000,0.561326
1729.000,0.562395
1730.000,0.563470
1731.000,0.564553
1732.000,0.565641
1733.000,0.566734
1734.000,0.567832
1735.000,0.568935
1736.000,0.570041
1737.000,0.571151
1738.000,0.572264
1739.000,0.573380
1740.000,0.574497
1741.000,0.575616
1742.000,0.576737
1743.000,0.577858
1744.000,0.578980
1745.000,0.580102
1746.000,0.581224
1747.000,0.582345
1748.000,0.583465
1749.000,0.584584
1750.000,0.585701
1751.000,0.586817
1752.000,0.587930
1753.000,0.589041
1754.000,0.590149
1755.000,0.591254
1756.000,0.592356
1757.000,0.593454
1758.000,0.594549
1759.000,0.595640
1760.000,0.596726
1761.000,0.597808
1762.000,0.598885
1763.000,0.599957
1764.000,0.601024
1765.000,0.602085
1766.000,0.603141
1767.000,0.604192
1768.000,0.605236
1769.000,0.606275
1770.000,0.607307
1771.000,0.608334
1772.000,0.609354
1773.000,0.610369
1774.000,0.611377
1775.000,0.612378
1776.000,0.613374
1777.000,0.614363
1778.000,0.615346
1779.000,0.616322
1780.000,0.617291
1781.000,0.618253
1782.000,0.619208
1783.000,0.620157
1784.000,0.621097
1785.000,0.622031
1786.000,0.622957
1787.000,0.623875
1788.000,0.624786
1789.000,0.625690
1790.000,0.626586
1791.000,0.627475
1792.000,0.628356
1793.000,0.629229
1794.000,0.630096
1795.000,0.630955
1796.000,0.631807
1797.000,0.632652
1798.000,0.633489
1799.000,0.634319
1800.000,0.635142
1801.000,0.635958
1802.000,0.636767
1803.000,0.637568
1804.000,0.638363
1805.000,0.639150
1806.000,0.639930
1807.000,0.640702
1808.000,0.641468
1809.000,0.642226
1810.000,0.642978
1811.000,0.643722
1812.000,0.644459
1813.000,0.645190
1814.000,0.645913
1815.000,0.646630
1816.000,0.647340
1817.000,0.648043
1818.000,0.648739
1819.000,0.649429
1820.000,0.650112
1821.000,0.650788
1822.000,0.651457
1823.000,0.652120
1824.000,0.652776
1825.000,0.653425
1826.000,0.654068
1827.000,0.654704
1828.000,0.655333
1829.000,0.655957
1830.000,0.656573
1831.000,0.657184
1832.000,0.657788
1833.000,0.658387
1834.000,0.658979
1835.000,0.659566
1836.000,0.660147
1837.000,0.660722
1838.000,0.661292
1839.000,0.661856
1840.000,0.662414
1841.000,0.662966
1842.000,0.663513
1843.000,0.664054
1844.000,0.664590
1845.000,0.665120
1846.000,0.665644
1847.000,0.666163
1848.000,0.666676
1849.000,0.667184
1850.000,0.667686
1851.000,0.668184
1852.000,0.668676
1853.000,0.669162
1854.000,0.669644
1855.000,0.670121
1856.000,0.670593
1857.000,0.671060
1858.000,0.671522
1859.000,0.671979
1860.000,0.672432
1861.000,0.672880
1862.000,0.673323
1863.000,0.673762
1864.000,0.674196
1865.000,0.674626
1866.000,0.675051
1867.000,0.675472
1868.000,0.675888
1869.000,0.676299
1870.000,0.676707
1871.000,0.677109
1872.000,0.677508
1873.000,0.677902
1874.000,0.678292
1875.000,0.678677
1876.000,0.679059
1877.000,0.679436
1878.000,0.679809
1879.000,0.680178
1880.000,0.680543
1881.000,0.680905
1882.000,0.681262
1883.000,0.681616
1884.000,0.681966
1885.000,0.682312
1886.000,0.682655
1887.000,0.682994
1888.000,0.683330
1889.000,0.683662
1890.000,0.683990
1891.000,0.684315
1892.000,0.684636
1893.000,0.684954
1894.000,0.685269
1895.000,0.685579
1896.000,0.685887
1897.000,0.686191
1898.000,0.686492
1899.000,0.686789
1900.000,0.687083
1901.000,0.687374
1902.000,0.687662
1903.000,0.687947
1904.000,0.688228
1905.000,0.688507
1906.000,0.688783
1907.000,0.689055
1908.000,0.689325
1909.000,0.689592
1910.000,0.689856
1911.000,0.690117
1912.000,0.690375
1913.000,0.690631
1914.000,0.690884
1915.000,0.691134
1916.000,0.691381
1917.000,0.691626
1918.000,0.691868
1919.000,0.692107
1920.000,0.692344
1921.000,0.692578
1922.000,0.692809
1923.000,0.693038
1924.000,0.693264
1925.000,0.693488
1926.000,0.693709
1927.000,0.693927
1928.000,0.694143
1929.000,0.694357
1930.000,0.694568
1931.000,0.694777
1932.000,0.694984
1933.000,0.695188
1934.000,0.695390
1935.000,0.695589
1936.000,0.695787
1937.000,0.695982
1938.000,0.696175
1939.000,0.696366
1940.000,0.696555
1941.000,0.696742
1942.000,0.696926
1943.000,0.697109
1944.000,0.697289
1945.000,0.697467
1946.000,0.697643
1947.000,0.697817
1948.000,0.697989
1949.000,0.698159
1950.000,0.698327
1951.000,0.698493
1952.000,0.698658
1953.000,0.698820
1954.000,0.698980
1955.000,0.699139
1956.000,0.699295
1957.000,0.699450
1958.000,0.699603
1959.000,0.699755
1960.000,0.699904
1961.000,0.700052
1962.000,0.700198
1963.000,0.700342
1964.000,0.700485
1965.000,0.700626
1966.000,0.700765
1967.000,0.700903
1968.000,0.701039
1969.000,0.701173
1970.000,0.701305
1971.000,0.701436
1972.000,0.701565
1973.000,0.701692
1974.000,0.701818
1975.000,0.701943
1976.000,0.702065
1977.000,0.702186
1978.000,0.702306
1979.000,0.702424
1980.000,0.702541
1981.000,0.702656
1982.000,0.702770
1983.000,0.702882
1984.000,0.702993
1985.000,0.703102
1986.000,0.703210
1987.000,0.703317
1988.000,0.703422
1989.000,0.703526
1990.000,0.703629
1991.000,0.703731
1992.000,0.703831
1993.000,0.703929
1994.000,0.704027
1995.000,0.704123
1996.000,0.704218
1997.000,0.704311
1998.000,0.704404
1999.000,0.704494
2000.000,0.704584
2001.000,0.704672
2002.000,0.704759
2003.000,0.704845
2004.000,0.704930
2005.000,0.705013
2006.000,0.705095
2007.000,0.705176
2008.000,0.705256
2009.000,0.705335
2010.000,0.705413
2011.000,0.705489
2012.000,0.705565
2013.000,0.705640
2014.000,0.705713
2015.000,0.705786
2016.000,0.705857
2017.000,0.705927
2018.000,0.705996
2019.000,0.706064
2020.000,0.706131
2021.000,0.706197
2022.000,0.706261
2023.000,0.706325
2024.000,0.706387
2025.000,0.706448
2026.000,0.706508
2027.000,0.706567
2028.000,0.706625
2029.000,0.706682
2030.000,0.706738
2031.000,0.706794
2032.000,0.706848
2033.000,0.706902
2034.000,0.706955
2035.000,0.707007
2036.000,0.707058
2037.000,0.707109
2038.000,0.707158
2039.000,0.707207
2040.000,0.707255
2041.000,0.707303
2042.000,0.707349
2043.000,0.707394
2044.000,0.707439
2045.000,0.707483
2046.000,0.707525
2047.000,0.707567
2048.000,0.707608
2049.000,0.707648
2050.000,0.707687
2051.000,0.707725
2052.000,0.707762
2053.000,0.707798
2054.000,0.707834
2055.000,0.707868
2056.000,0.707902
2057.000,0.707935
2058.000,0.707967
2059.000,0.707998
2060.000,0.708028
2061.000,0.708058
2062.000,0.708086
2063.000,0.708114
2064.000,0.708141
2065.000,0.708168
2066.000,0.708194
2067.000,0.708219
2068.000,0.708243
2069.000,0.708267
2070.000,0.708291
2071.000,0.708313
2072.000,0.708336
2073.000,0.708357
2074.000,0.708378
2075.000,0.708399
2076.000,0.708419
2077.000,0.708438
2078.000,0.708456
2079.000,0.708474
2080.000,0.708492
2081.000,0.708508
2082.000,0.708524
2083.000,0.708539
2084.000,0.708554
2085.000,0.708568
2086.000,0.708581
2087.000,0.708593
2088.000,0.708605
2089.000,0.708615
2090.000,0.708626
2091.000,0.708635
2092.000,0.708644
2093.000,0.708652
2094.000,0.708660
2095.000,0.708667
2096.000,0.708674
2097.000,0.708680
2098.000,0.708685
2099.000,0.708690
2100.000,0.708694
2101.000,0.708698
2102.000,0.708701
2103.000,0.708704
2104.000,0.708706
2105.000,0.708708
2106.000,0.708709
2107.000,0.708710
2108.000,0.708710
2109.000,0.708710
2110.000,0.708709
2111.000,0.708708
2112.000,0.708706
2113.000,0.708703
2114.000,0.708700
2115.000,0.708697
2116.000,0.708693
2117.000,0.708688
2118.000,0.708683
2119.000,0.708678
2120.000,0.708672
2121.000,0.708665
2122.000,0.708658
2123.000,0.708650
2124.000,0.708642
2125.000,0.708633
2126.000,0.708624
2127.000,0.708615
2128.000,0.708605
2129.000,0.708594
2130.000,0.708583
2131.000,0.708572
2132.000,0.708560
2133.000,0.708548
2134.000,0.708535
2135.000,0.708522
2136.000,0.708509
2137.000,0.708495
2138.000,0.708480
2139.000,0.708465
2140.000,0.708450
2141.000,0.708434
2142.000,0.708418
2143.000,0.708401
2144.000,0.708384
2145.000,0.708367
2146.000,0.708349
2147.000,0.708331
2148.000,0.708312
2149.000,0.708293
2150.000,0.708273
2151.000,0.708253
2152.000,0.708233
2153.000,0.708212
2154.000,0.708191
2155.000,0.708169
2156.000,0.708147
2157.000,0.708124
2158.000,0.708101
2159.000,0.708078
2160.000,0.708055
2161.000,0.708031
2162.000,0.708006
2163.000,0.707982
2164.000,0.707957
2165.000,0.707931
2166.000,0.707906
2167.000,0.707880
2168.000,0.707854
2169.000,0.707827
2170.000,0.707800
2171.000,0.707772
2172.000,0.707744
2173.000,0.707716
2174.000,0.707688
2175.000,0.707659
2176.000,0.707629
2177.000,0.707600
2178.000,0.707570
2179.000,0.707539
2180.000,0.707508
2181.000,0.707477
2182.000,0.707446
2183.000,0.707414
2184.000,0.707382
2185.000,0.707350
2186.000,0.707317
2187.000,0.707284
2188.000,0.707251
2189.000,0.707217
2190.000,0.707184
2191.000,0.707150
2192.000,0.707115
2193.000,0.707080
2194.000,0.707045
2195.000,0.707010
2196.000,0.706975
2197.000,0.706939
2198.000,0.706902
2199.000,0.706866
2200.000,0.706829
2201.000,0.706792
2202.000,0.706754
2203.000,0.706716
2204.000,0.706678
2205.000,0.706639
2206.000,0.706601
2207.000,0.706561
2208.000,0.706522
2209.000,0.706482
2210.000,0.706442
2211.000,0.706402
2212.000,0.706362
2213.000,0.706321
2214.000,0.706280
2215.000,0.706239
2216.000,0.706197
2217.000,0.706156
2218.000,0.706114
2219.000,0.706071
2220.000,0.706029
2221.000,0.705986
2222.000,0.705943
2223.000,0.705900
2224.000,0.705856
2225.000,0.705812
2226.000,0.705768
2227.000,0.705723
2228.000,0.705679
2229.000,0.705634
2230.000,0.705589
2231.000,0.705543
2232.000,0.705498
2233.000,0.705452
2234.000,0.705406
2235.000,0.705360
2236.000,0.705313
2237.000,0.705266
2238.000,0.705219
2239.000,0.705172
2240.000,0.705125
2241.000,0.705077
2242.000,0.705029
2243.000,0.704980
2244.000,0.704932
2245.000,0.704883
2246.000,0.704834
2247.000,0.704784
2248.000,0.704734
2249.000,0.704684
2250.000,0.704634
2251.000,0.704584
2252.000,0.704533
2253.000,0.704482
2254.000,0.704432
2255.000,0.704381
2256.000,0.704329
2257.000,0.704278
2258.000,0.704227
2259.000,0.704175
2260.000,0.704124
2261.000,0.704072
2262.000,0.704020
2263.000,0.703967
2264.000,0.703915
2265.000,0.703862
2266.000,0.703809
2267.000,0.703756
2268.000,0.703702
2269.000,0.703648
2270.000,0.703594
2271.000,0.703539
2272.000,0.703484
2273.000,0.703429
2274.000,0.703374
2275.000,0.703319
2276.000,0.703263
2277.000,0.703207
2278.000,0.703151
2279.000,0.703095
2280.000,0.703038
2281.000,0.702982
2282.000,0.702925
2283.000,0.702869
2284.000,0.702812
2285.000,0.702755
2286.000,0.702698
2287.000,0.702641
2288.000,0.702583
2289.000,0.702526
2290.000,0.702468
2291.000,0.702410
2292.000,0.702351
2293.000,0.702293
2294.000,0.702234
2295.000,0.702175
2296.000,0.702116
2297.000,0.702057
2298.000,0.701998
2299.000,0.701938
2300.000,0.701878
2301.000,0.701818
2302.000,0.701758
2303.000,0.701698
2304.000,0.701638
2305.000,0.701578
2306.000,0.701517
2307.000,0.701456
2308.000,0.701395
2309.000,0.701334
2310.000,0.701272
2311.000,0.701211
2312.000,0.701149
2313.000,0.701087
2314.000,0.701025
2315.000,0.700962
2316.000,0.700900
2317.000,0.700837
2318.000,0.700774
2319.000,0.700711
2320.000,0.700648
2321.000,0.700585
2322.000,0.700522
2323.000,0.700458
2324.000,0.700394
2325.000,0.700331
2326.000,0.700267
2327.000,0.700203
2328.000,0.700139
2329.000,0.700074
2330.000,0.700010
2331.000,0.699945
2332.000,0.699880
2333.000,0.699815
2334.000,0.699750
2335.000,0.699685
2336.000,0.699619
2337.000,0.699554
2338.000,0.699488
2339.000,0.699422
2340.000,0.699356
2341.000,0.699290
2342.000,0.699224
2343.000,0.699158
2344.000,0.699091
2345.000,0.699025
2346.000,0.698958
2347.000,0.698891
2348.000,0.698824
2349.000,0.698757
2350.000,0.698690
2351.000,0.698623
2352.000,0.698555
2353.000,0.698487
2354.000,0.698419
2355.000,0.698351
2356.000,0.698283
2357.000,0.698215
2358.000,0.698146
2359.000,0.698077
2360.000,0.698009
2361.000,0.697940
2362.000,0.697871
2363.000,0.697802
2364.000,0.697733
2365.000,0.697664
2366.000,0.697594
2367.000,0.697525
2368.000,0.697455
2369.000,0.697386
2370.000,0.697316
2371.000,0.697246
2372.000,0.697176
2373.000,0.697106
2374.000,0.697036
2375.000,0.696965
2376.000,0.696895
2377.000,0.696824
2378.000,0.696753
2379.000,0.696683
2380.000,0.696612
2381.000,0.696541
2382.000,0.696469
2383.000,0.696398
2384.000,0.696326
2385.000,0.696255
2386.000,0.696183
2387.000,0.696111
2388.000,0.696039
2389.000,0.695967
2390.000,0.695895
2391.000,0.695822
2392.000,0.695750
2393.000,0.695677
2394.000,0.695605
2395.000,0.695532
2396.000,0.695459
2397.000,0.695387
2398.000,0.695314
2399.000,0.695241
2400.000,0.695167
2401.000,0.695094
2402.000,0.695021
2403.000,0.694947
2404.000,0.694874
2405.000,0.694800
2406.000,0.694726
2407.000,0.694652
2408.000,0.694578
2409.000,0.694504
2410.000,0.694429
2411.000,0.694355
2412.000,0.694280
2413.000,0.694206
2414.000,0.694131
2415.000,0.694056
2416.000,0.693981
2417.000,0.693906
2418.000,0.693831
2419.000,0.693756
2420.000,0.693681
2421.000,0.693605
2422.000,0.693530
2423.000,0.693454
2424.000,0.693379
2425.000,0.693303
2426.000,0.693227
2427.000,0.693151
2428.000,0.693075
2429.000,0.692999
2430.000,0.692923
2431.000,0.692846
2432.000,0.692770
2433.000,0.692693
2434.000,0.692617
2435.000,0.692540
2436.000,0.692463
2437.000,0.692386
2438.000,0.692309
2439.000,0.692232
2440.000,0.692155
2441.000,0.692078
2442.000,0.692000
2443.000,0.691923
2444.000,0.691845
2445.000,0.691768
2446.000,0.691690
2447.000,0.691613
2448.000,0.691535
2449.000,0.691457
2450.000,0.691379
2451.000,0.691301
2452.000,0.691223
2453.000,0.691145
2454.000,0.691067
2455.000,0.690988
2456.000,0.690910
2457.000,0.690832
2458.000,0.690753
2459.000,0.690674
2460.000,0.690595
2461.000,0.690517
2462.000,0.690438
2463.000,0.690359
2464.000,0.690280
2465.000,0.690200
2466.000,0.690121
2467.000,0.690042
2468.000,0.689962
2469.000,0.689883
2470.000,0.689803
2471.000,0.689724
2472.000,0.689644
2473.000,0.689564
2474.000,0.689484
2475.000,0.689404
2476.000,0.689324
2477.000,0.689244
2478.000,0.689164
2479.000,0.689084
2480.000,0.689003
2481.000,0.688923
2482.000,0.688843
2483.000,0.688762
2484.000,0.688681
2485.000,0.688601
2486.000,0.688520
2487.000,0.688439
2488.000,0.688358
2489.000,0.688277
2490.000,0.688196
2491.000,0.688115
2492.000,0.688034
2493.000,0.687953
2494.000,0.687871
2495.000,0.687790
2496.000,0.687709
2497.000,0.687627
2498.000,0.687545
2499.000,0.687464
2500.000,0.687382
2501.000,0.687300
2502.000,0.687218
2503.000,0.687136
2504.000,0.687054
2505.000,0.686972
2506.000,0.686890
2507.000,0.686807
2508.000,0.686725
2509.000,0.686643
2510.000,0.686560
2511.000,0.686478
2512.000,0.686395
2513.000,0.686313
2514.000,0.686230
2515.000,0.686148
2516.000,0.686065
2517.000,0.685982
2518.000,0.685900
2519.000,0.685817
2520.000,0.685734
2521.000,0.685651
2522.000,0.685568
2523.000,0.685485
2524.000,0.685401
2525.000,0.685318
2526.000,0.685235
2527.000,0.685151
2528.000,0.685068
2529.000,0.684985
2530.000,0.684901
2531.000,0.684817
2532.000,0.684734
2533.000,0.684650
2534.000,0.684566
2535.000,0.684482
2536.000,0.684398
2537.000,0.684314
2538.000,0.684230
2539.000,0.684145
2540.000,0.684061
2541.000,0.683977
2542.000,0.683892
2543.000,0.683808
2544.000,0.683724
2545.000,0.683639
2546.000,0.683555
2547.000,0.683470
2548.000,0.683386
2549.000,0.683301
2550.000,0.683216
2551.000,0.683132
2552.000,0.683047
2553.000,0.682962
2554.000,0.682878
2555.000,0.682793
2556.000,0.682708
2557.000,0.682623
2558.000,0.682538
2559.000,0.682453
2560.000,0.682368
2561.000,0.682283
2562.000,0.682197
2563.000,0.682112
2564.000,0.682026
2565.000,0.681940
2566.000,0.681855
2567.000,0.681769
2568.000,0.681683
2569.000,0.681597
2570.000,0.681512
2571.000,0.681426
2572.000,0.681340
2573.000,0.681254
2574.000,0.681169
2575.000,0.681083
2576.000,0.680997
2577.000,0.680911
2578.000,0.680825
2579.000,0.680739
2580.000,0.680653
2581.000,0.680566
2582.000,0.680480
2583.000,0.680393
2584.000,0.680306
2585.000,0.680220
2586.000,0.680133
2587.000,0.680046
2588.000,0.679960
2589.000,0.679873
2590.000,0.679786
2591.000,0.679700
2592.000,0.679614
2593.000,0.679527
2594.000,0.679441
2595.000,0.679354
2596.000,0.679268
2597.000,0.679181
2598.000,0.679094
2599.000,0.679007
2600.000,0.678920
2601.000,0.678833
2602.000,0.678746
2603.000,0.678658
2604.000,0.678570
2605.000,0.678483
2606.000,0.678395
2607.000,0.678307
2608.000,0.678219
2609.000,0.678131
2610.000,0.678043
2611.000,0.677955
2612.000,0.677867
2613.000,0.677779
2614.000,0.677692
2615.000,0.677604
2616.000,0.677516
2617.000,0.677429
2618.000,0.677341
2619.000,0.677254
2620.000,0.677167
2621.000,0.677079
2622.000,0.676992
2623.000,0.676905
2624.000,0.676817
2625.000,0.676730
2626.000,0.676642
2627.000,0.676555
2628.000,0.676467
2629.000,0.676379
2630.000,0.676290
2631.000,0.676202
2632.000,0.676114
2633.000,0.676025
2634.000,0.675937
2635.000,0.675848
2636.000,0.675759
2637.000,0.675670
2638.000,0.675582
2639.000,0.675493
2640.000,0.675404
2641.000,0.675315
2642.000,0.675226
2643.000,0.675138
2644.000,0.675049
2645.000,0.674960
2646.000,0.674872
2647.000,0.674783
2648.000,0.674694
2649.000,0.674606
2650.000,0.674517
2651.000,0.674428
2652.000,0.674339
2653.000,0.674250
2654.000,0.674160
2655.000,0.674071
2656.000,0.673981
2657.000,0.673891
2658.000,0.673802
2659.000,0.673712
2660.000,0.673621
2661.000,0.673531
2662.000,0.673441
2663.000,0.673351
2664.000,0.673261
2665.000,0.673171
2666.000,0.673081
2667.000,0.672991
2668.000,0.672901
2669.000,0.672812
2670.000,0.672722
2671.000,0.672633
2672.000,0.672543
2673.000,0.672454
2674.000,0.672365
2675.000,0.672275
2676.000,0.672186
2677.000,0.672097
2678.000,0.672007
2679.000,0.671918
2680.000,0.671828
2681.000,0.671739
2682.000,0.671649
2683.000,0.671559
2684.000,0.671469
2685.000,0.671379
2686.000,0.671289
2687.000,0.671198
2688.000,0.671108
2689.000,0.671017
2690.000,0.670927
2691.000,0.670836
2692.000,0.670745
2693.000,0.670655
2694.000,0.670564
2695.000,0.670474
2696.000,0.670383
2697.000,0.670293
2698.000,0.670202
2699.000,0.670112
2700.000,0.670021
2701.000,0.669931
2702.000,0.669841
2703.000,0.669750
2704.000,0.669660
2705.000,0.669569
2706.000,0.669478
2707.000,0.669388
2708.000,0.669297
2709.000,0.669206
2710.000,0.669115
2711.000,0.669024
2712.000,0.668933
2713.000,0.668842
2714.000,0.668751
2715.000,0.668660
2716.000,0.668569
2717.000,0.668478
2718.000,0.668388
2719.000,0.668297
2720.000,0.668206
2721.000,0.668115
2722.000,0.668024
2723.000,0.667932
2724.000,0.667841
2725.000,0.667750
2726.000,0.667659
2727.000,0.667568
2728.000,0.667477
2729.000,0.667385
2730.000,0.667294
2731.000,0.667203
2732.000,0.667112
2733.000,0.667020
2734.000,0.666929
2735.000,0.666837
2736.000,0.666746
2737.000,0.666654
2738.000,0.666563
2739.000,0.666471
2740.000,0.666380
2741.000,0.666288
2742.000,0.666196
2743.000,0.666105
2744.000,0.666013
2745.000,0.665921
2746.000,0.665830
2747.000,0.665738
2748.000,0.665646
2749.000,0.665555
2750.000,0.665463
2751.000,0.665371
2752.000,0.665279
2753.000,0.665188
2754.000,0.665096
2755.000,0.665004
2756.000,0.664912
2757.000,0.664820
2758.000,0.664728
2759.000,0.664636
2760.000,0.664544
2761.000,0.664452
2762.000,0.664360
2763.000,0.664268
2764.000,0.664176
2765.000,0.664084
2766.000,0.663992
2767.000,0.663900
2768.000,0.663808
2769.000,0.663716
2770.000,0.663623
2771.000,0.663531
2772.000,0.663439
2773.000,0.663347
2774.000,0.663255
2775.000,0.663163
2776.000,0.663071
2777.000,0.662979
2778.000,0.662886
2779.000,0.662794
2780.000,0.662702
2781.000,0.662610
2782.000,0.662517
2783.000,0.662425
2784.000,0.662332
2785.000,0.662240
2786.000,0.662148
2787.000,0.662055
2788.000,0.661963
2789.000,0.661870
2790.000,0.661778
2791.000,0.661685
2792.000,0.661593
2793.000,0.661500
2794.000,0.661407
2795.000,0.661315
2796.000,0.661222
2797.000,0.661130
2798.000,0.661037
2799.000,0.660944
2800.000,0.660852
2801.000,0.660759
2802.000,0.660666
2803.000,0.660574
2804.000,0.660481
2805.000,0.660389
2806.000,0.660296
2807.000,0.660203
2808.000,0.660110
2809.000,0.660018
2810.000,0.659925
2811.000,0.659832
2812.000,0.659739
2813.000,0.659646
2814.000,0.659553
2815.000,0.659460
2816.000,0.659367
2817.000,0.659274
2818.000,0.659181
2819.000,0.659088
2820.000,0.658995
2821.000,0.658902
2822.000,0.658809
2823.000,0.658716
2824.000,0.658623
2825.000,0.658530
2826.000,0.658437
2827.000,0.658344
2828.000,0.658251
2829.000,0.658158
2830.000,0.658065
2831.000,0.657972
2832.000,0.657878
2833.000,0.657785
2834.000,0.657692
2835.000,0.657599
2836.000,0.657506
2837.000,0.657412
2838.000,0.657319
2839.000,0.657226
2840.000,0.657133
2841.000,0.657039
2842.000,0.656946
2843.000,0.656853
2844.000,0.656760
2845.000,0.656666
2846.000,0.656573
2847.000,0.656480
2848.000,0.656387
2849.000,0.656293
2850.000,0.656200
2851.000,0.656107
2852.000,0.656013
2853.000,0.655920
2854.000,0.655827
2855.000,0.655733
2856.000,0.655640
2857.000,0.655546
2858.000,0.655453
2859.000,0.655359
2860.000,0.655266
2861.000,0.655172
2862.000,0.655079
2863.000,0.654985
2864.000,0.654892
2865.000,0.654798
2866.000,0.654705
2867.000,0.654611
2868.000,0.654518
2869.000,0.654424
2870.000,0.654331
2871.000,0.654237
2872.000,0.654143
2873.000,0.654050
2874.000,0.653956
2875.000,0.653862
2876.000,0.653769
2877.000,0.653675
2878.000,0.653581
2879.000,0.653487
2880.000,0.653393
2881.000,0.653300
2882.000,0.653206
2883.000,0.653112
2884.000,0.653018
2885.000,0.652924
2886.000,0.652831
2887.000,0.652737
2888.000,0.652643
2889.000,0.652550
2890.000,0.652456
2891.000,0.652362
2892.000,0.652268
2893.000,0.652175
2894.000,0.652081
2895.000,0.651987
2896.000,0.651893
2897.000,0.651800
2898.000,0.651706
2899.000,0.651612
2900.000,0.651518
2901.000,0.651424
2902.000,0.651330
2903.000,0.651236
2904.000,0.651142
2905.000,0.651048
2906.000,0.650954
2907.000,0.650860
2908.000,0.650766
2909.000,0.650672
2910.000,0.650579
2911.000,0.650485
2912.000,0.650391
2913.000,0.650297
2914.000,0.650203
2915.000,0.650109
2916.000,0.650015
2917.000,0.649921
2918.000,0.649827
2919.000,0.649733
2920.000,0.649639
2921.000,0.649545
2922.000,0.649451
2923.000,0.649357
2924.000,0.649263
2925.000,0.649169
2926.000,0.649075
2927.000,0.648980
2928.000,0.648886
2929.000,0.648792
2930.000,0.648698
2931.000,0.648604
2932.000,0.648510
2933.000,0.648415
2934.000,0.648321
2935.000,0.648227
2936.000,0.648133
2937.000,0.648038
2938.000,0.647944
2939.000,0.647850
2940.000,0.647756
2941.000,0.647662
2942.000,0.647568
2943.000,0.647473
2944.000,0.647379
2945.000,0.647285
2946.000,0.647191
2947.000,0.647097
2948.000,0.647003
2949.000,0.646909
2950.000,0.646815
2951.000,0.646721
2952.000,0.646626
2953.000,0.646532
2954.000,0.646438
2955.000,0.646343
2956.000,0.646249
2957.000,0.646154
2958.000,0.646060
2959.000,0.645965
2960.000,0.645871
2961.000,0.645777
2962.000,0.645683
2963.000,0.645589
2964.000,0.645495
2965.000,0.645401
2966.000,0.645307
2967.000,0.645214
2968.000,0.645120
2969.000,0.645026
2970.000,0.644932
2971.000,0.644838
2972.000,0.644743
2973.000,0.644648
2974.000,0.644552
2975.000,0.644457
2976.000,0.644361
2977.000,0.644265
2978.000,0.644169
2979.000,0.644074
2980.000,0.643979
2981.000,0.643884
2982.000,0.643791
2983.000,0.643698
2984.000,0.643606
2985.000,0.643515
2986.000,0.643425
2987.000,0.643335
2988.000,0.643244
2989.000,0.643153
2990.000,0.643061
2991.000,0.642967
2992.000,0.642870
2993.000,0.642772
2994.000,0.642670
2995.000,0.642567
2996.000,0.642461
2997.000,0.642355
2998.000,0.642248
2999.000,0.642143