Wavelength,Power transmitted
400.000,0.988988
401.000,0.988973
402.000,0.988958
403.000,0.988943
404.000,0.988928
405.000,0.988913
406.000,0.988899
407.000,0.988884
408.000,0.988869
409.000,0.988854
410.000,0.988839
411.000,0.988824
412.000,0.988810
413.000,0.988795
414.000,0.988781
415.000,0.988766
416.000,0.988752
417.000,0.988738
418.000,0.988724
419.000,0.988710
420.000,0.988696
421.000,0.988682
422.000,0.988668
423.000,0.988655
424.000,0.988641
425.000,0.988628
426.000,0.988614
427.000,0.988601
428.000,0.988588
429.000,0.988575
430.000,0.988561
431.000,0.988548
432.000,0.988535
433.000,0.988522
434.000,0.988509
435.000,0.988497
436.000,0.988484
437.000,0.988471
438.000,0.988459
439.000,0.988446
440.000,0.988434
441.000,0.988421
442.000,0.988409
443.000,0.988397
444.000,0.988385
445.000,0.988372
446.000,0.988360
447.000,0.988348
448.000,0.988337
449.000,0.988325
450.000,0.988313
451.000,0.988301
452.000,0.988290
453.000,0.988278
454.000,0.988266
455.000,0.988255
456.000,0.988244
457.000,0.988232
458.000,0.988221
459.000,0.988210
460.000,0.988199
461.000,0.988187
462.000,0.988176
463.000,0.988165
464.000,0.988154
465.000,0.988144
466.000,0.988133
467.000,0.988122
468.000,0.988111
469.000,0.988100
470.000,0.988090
471.000,0.988079
472.000,0.988069
473.000,0.988058
474.000,0.988048
475.000,0.988037
476.000,0.988027
477.000,0.988017
478.000,0.988007
479.000,0.987996
480.000,0.987986
481.000,0.987976
482.000,0.987966
483.000,0.987956
484.000,0.987946
485.000,0.987937
486.000,0.987927
487.000,0.987917
488.000,0.987907
489.000,0.987898
490.000,0.987888
491.000,0.987879
492.000,0.987869
493.000,0.987860
494.000,0.987850
495.000,0.987841
496.000,0.987831
497.000,0.987822
498.000,0.987813
499.000,0.987804
500.000,0.987795
501.000,0.987785
502.000,0.987776
503.000,0.987767
504.000,0.987758
505.000,0.987749
506.000,0.987740
507.000,0.987732
508.000,0.987723
509.000,0.987714
510.000,0.987705
511.000,0.987697
512.000,0.987688
513.000,0.987679
514.000,0.987671
515.000,0.987662
516.000,0.987654
517.000,0.987645
518.000,0.987637
519.000,0.987629
520.000,0.987620
521.000,0.987612
522.000,0.987604
523.000,0.987596
524.000,0.987587
525.000,0.987579
526.000,0.987571
527.000,0.987563
528.000,0.987555
529.000,0.987547
530.000,0.987539
531.000,0.987531
532.000,0.987523
533.000,0.987515
534.000,0.987508
535.000,0.987500
536.000,0.987492
537.000,0.987484
538.000,0.987477
539.000,0.987469
540.000,0.987461
541.000,0.987454
542.000,0.987446
543.000,0.987439
544.000,0.987431
545.000,0.987424
546.000,0.987417
547.000,0.987409
548.000,0.987402
549.000,0.987395
550.000,0.987387
551.000,0.987380
552.000,0.987373
553.000,0.987366
554.000,0.987359
555.000,0.987352
556.000,0.987345
557.000,0.987338
558.000,0.987331
559.000,0.987324
560.000,0.987317
561.000,0.987310
562.000,0.987303
563.000,0.987296
564.000,0.987289
565.000,0.987282
566.000,0.987276
567.000,0.987269
568.000,0.987262
569.000,0.987255
570.000,0.987249
571.000,0.987242
572.000,0.987235
573.000,0.987229
574.000,0.987222
575.000,0.987216
576.000,0.987209
577.000,0.987203
578.000,0.987196
579.000,0.987190
580.000,0.987183
581.000,0.987177
582.000,0.987171
583.000,0.987165
584.000,0.987158
585.000,0.987152
586.000,0.987146
587.000,0.987140
588.000,0.987133
589.000,0.987127
590.000,0.987121
591.000,0.987115
592.000,0.987109
593.000,0.987103
594.000,0.987097
595.000,0.987091
596.000,0.987085
597.000,0.987079
598.000,0.987073
599.000,0.987067
600.000,0.987061
601.000,0.987055
602.000,0.987049
603.000,0.987044
604.000,0.987038
605.000,0.987032
606.000,0.987026
607.000,0.987021
608.000,0.987015
609.000,0.987009
610.000,0.987004
611.000,0.986998
612.000,0.986993
613.000,0.986987
614.000,0.986981
615.000,0.986976
616.000,0.986970
617.000,0.986965
618.000,0.986959
619.000,0.986954
620.000,0.986948
621.000,0.986943
622.000,0.986938
623.000,0.986932
624.000,0.986927
625.000,0.986921
626.000,0.986916
627.000,0.986911
628.000,0.986905
629.000,0.986900
630.000,0.986895
631.000,0.986890
632.000,0.986885
633.000,0.986879
634.000,0.986874
635.000,0.986869
636.000,0.986864
637.000,0.986859
638.000,0.986854
639.000,0.986849
640.000,0.986844
641.000,0.986839
642.000,0.986834
643.000,0.986829
644.000,0.986824
645.000,0.986819
646.000,0.986814
647.000,0.986809
648.000,0.986804
649.000,0.986799
650.000,0.986795
651.000,0.986790
652.000,0.986785
653.000,0.986780
654.000,0.986775
655.000,0.986771
656.000,0.986766
657.000,0.986761
658.000,0.986756
659.000,0.986752
660.000,0.986747
661.000,0.986742
662.000,0.986738
663.000,0.986733
664.000,0.986729
665.000,0.986724
666.000,0.986719
667.000,0.986715
668.000,0.986710
669.000,0.986706
670.000,0.986701
671.000,0.986697
672.000,0.986692
673.000,0.986688
674.000,0.986683
675.000,0.986679
676.000,0.986674
677.000,0.986670
678.000,0.986665
679.000,0.986661
680.000,0.986657
681.000,0.986652
682.000,0.986648
683.000,0.986644
684.000,0.986640
685.000,0.986635
686.000,0.986631
687.000,0.986627
688.000,0.986622
689.000,0.986618
690.000,0.986614
691.000,0.986610
692.000,0.986606
693.000,0.986601
694.000,0.986597
695.000,0.986593
696.000,0.986589
697.000,0.986585
698.000,0.986581
699.000,0.986577
700.000,0.986573
701.000,0.986569
702.000,0.986565
703.000,0.986561
704.000,0.986557
705.000,0.986553
706.000,0.986549
707.000,0.986545
708.000,0.986541
709.000,0.986537
710.000,0.986533
711.000,0.986529
712.000,0.986525
713.000,0.986521
714.000,0.986517
715.000,0.986514
716.000,0.986510
717.000,0.986506
718.000,0.986502
719.000,0.986498
720.000,0.986494
721.000,0.986491
722.000,0.986487
723.000,0.986483
724.000,0.986479
725.000,0.986475
726.000,0.986472
727.000,0.986468
728.000,0.986464
729.000,0.986461
730.000,0.986457
731.000,0.986453
732.000,0.986450
733.000,0.986446
734.000,0.986442
735.000,0.986439
736.000,0.986435
737.000,0.986432
738.000,0.986428
739.000,0.986425
740.000,0.986421
741.000,0.986418
742.000,0.986414
743.000,0.986410
744.000,0.986407
745.000,0.986403
746.000,0.986400
747.000,0.986396
748.000,0.986393
749.000,0.986389
750.000,0.986386
751.000,0.986383
752.000,0.986379
753.000,0.986376
754.000,0.986372
755.000,0.986369
756.000,0.986365
757.000,0.986362
758.000,0.986359
759.000,0.986355
760.000,0.986352
761.000,0.986349
762.000,0.986345
763.000,0.986342
764.000,0.986339
765.000,0.986335
766.000,0.986332
767.000,0.986329
768.000,0.986325
769.000,0.986322
770.000,0.986319
771.000,0.986316
772.000,0.986312
773.000,0.986309
774.000,0.986306
775.000,0.986303
776.000,0.986300
777.000,0.986297
778.000,0.986293
779.000,0.986290
780.000,0.986287
781.000,0.986284
782.000,0.986281
783.000,0.986278
784.000,0.986275
785.000,0.986271
786.000,0.986268
787.000,0.986265
788.000,0.986262
789.000,0.986259
790.000,0.986256
791.000,0.986253
792.000,0.986250
793.000,0.986247
794.000,0.986244
795.000,0.986241
796.000,0.986238
797.000,0.986235
798.000,0.986232
799.000,0.986229
800.000,0.986226
801.000,0.986223
802.000,0.986220
803.000,0.986217
804.000,0.986214
805.000,0.986211
806.000,0.986208
807.000,0.986206
808.000,0.986203
809.000,0.986200
810.000,0.986197
811.000,0.986194
812.000,0.986191
813.000,0.986188
814.000,0.986185
815.000,0.986183
816.000,0.986180
817.000,0.986177
818.000,0.986174
819.000,0.986171
820.000,0.986168
821.000,0.986166
822.000,0.986163
823.000,0.986160
824.000,0.986157
825.000,0.986155
826.000,0.986152
827.000,0.986149
828.000,0.986146
829.000,0.986144
830.000,0.986141
831.000,0.986138
832.000,0.986135
833.000,0.986133
834.000,0.986130
835.000,0.986127
836.000,0.986125
837.000,0.986122
838.000,0.986119
839.000,0.986117
840.000,0.986114
841.000,0.986111
842.000,0.986109
843.000,0.986106
844.000,0.986103
845.000,0.986101
846.000,0.986098
847.000,0.986096
848.000,0.986093
849.000,0.986090
850.000,0.986088
851.000,0.986085
852.000,0.986083
853.000,0.986080
854.000,0.986078
855.000,0.986075
856.000,0.986073
857.000,0.986070
858.000,0.986068
859.000,0.986065
860.000,0.986062
861.000,0.986060
862.000,0.986057
863.000,0.986055
864.000,0.986053
865.000,0.986050
866.000,0.986048
867.000,0.986045
868.000,0.986043
869.000,0.986040
870.000,0.986038
871.000,0.986035
872.000,0.986033
873.000,0.986030
874.000,0.986028
875.000,0.986026
876.000,0.986023
877.000,0.986021
878.000,0.986018
879.000,0.986016
880.000,0.986014
881.000,0.986011
882.000,0.986009
883.000,0.986007
884.000,0.986004
885.000,0.986002
886.000,0.986000
887.000,0.985997
888.000,0.985995
889.000,0.985993
890.000,0.985990
891.000,0.985988
892.000,0.985986
893.000,0.985983
894.000,0.985981
895.000,0.985979
896.000,0.985976
897.000,0.985974
898.000,0.985972
899.000,0.985970
900.000,0.985967
901.000,0.985965
902.000,0.985963
903.000,0.985961
904.000,0.985958
905.000,0.985956
906.000,0.985954
907.000,0.985952
908.000,0.985949
909.000,0.985947
910.000,0.985945
911.000,0.985943
912.000,0.985941
913.000,0.985938
914.000,0.985936
915.000,0.985934
916.000,0.985932
917.000,0.985930
918.000,0.985927
919.000,0.985925
920.000,0.985923
921.000,0.985921
922.000,0.985919
923.000,0.985917
924.000,0.985914
925.000,0.985912
926.000,0.985910
927.000,0.985908
928.000,0.985906
929.000,0.985904
930.000,0.985902
931.000,0.985900
932.000,0.985898
933.000,0.985895
934.000,0.985893
935.000,0.985891
936.000,0.985889
937.000,0.985887
938.000,0.985885
939.000,0.985883
940.000,0.985881
941.000,0.985879
942.000,0.985877
943.000,0.985875
944.000,0.985873
945.000,0.985871
946.000,0.985869
947.000,0.985867
948.000,0.985865
949.000,0.985863
950.000,0.985861
951.000,0.985859
952.000,0.985857
953.000,0.985855
954.000,0.985853
955.000,0.985851
956.000,0.985849
957.000,0.985847
958.000,0.985845
959.000,0.985843
960.000,0.985841
961.000,0.985839
962.000,0.985837
963.000,0.985835
964.000,0.985833
965.000,0.985831
966.000,0.985829
967.000,0.985827
968.000,0.985825
969.000,0.985824
970.000,0.985822
971.000,0.985820
972.000,0.985818
973.000,0.985816
974.000,0.985814
975.000,0.985812
976.000,0.985810
977.000,0.985808
978.000,0.985806
979.000,0.985804
980.000,0.985803
981.000,0.985801
982.000,0.985799
983.000,0.985797
984.000,0.985795
985.000,0.985793
986.000,0.985792
987.000,0.985790
988.000,0.985788
989.000,0.985786
990.000,0.985784
991.000,0.985783
992.000,0.985781
993.000,0.985779
994.000,0.985777
995.000,0.985775
996.000,0.985773
997.000,0.985771
998.000,0.985769
999.000,0.985767
1000.000,0.985765