Wavelength,Power transmitted
400.000,0.971501
401.000,0.971423
402.000,0.971346
403.000,0.971267
404.000,0.971186
405.000,0.971103
406.000,0.971017
407.000,0.970927
408.000,0.970835
409.000,0.970738
410.000,0.970639
411.000,0.970537
412.000,0.970432
413.000,0.970325
414.000,0.970216
415.000,0.970105
416.000,0.969992
417.000,0.969878
418.000,0.969762
419.000,0.969644
420.000,0.969525
421.000,0.969404
422.000,0.969281
423.000,0.969156
424.000,0.969029
425.000,0.968900
426.000,0.968768
427.000,0.968634
428.000,0.968497
429.000,0.968358
430.000,0.968216
431.000,0.968071
432.000,0.967924
433.000,0.967774
434.000,0.967622
435.000,0.967468
436.000,0.967311
437.000,0.967152
438.000,0.966990
439.000,0.966826
440.000,0.966660
441.000,0.966491
442.000,0.966319
443.000,0.966144
444.000,0.965967
445.000,0.965787
446.000,0.965604
447.000,0.965418
448.000,0.965229
449.000,0.965037
450.000,0.964841
451.000,0.964643
452.000,0.964441
453.000,0.964236
454.000,0.964028
455.000,0.963816
456.000,0.963602
457.000,0.963384
458.000,0.963163
459.000,0.962939
460.000,0.962712
461.000,0.962481
462.000,0.962247
463.000,0.962010
464.000,0.961769
465.000,0.961524
466.000,0.961276
467.000,0.961024
468.000,0.960768
469.000,0.960509
470.000,0.960246
471.000,0.959978
472.000,0.959707
473.000,0.959431
474.000,0.959152
475.000,0.958868
476.000,0.958580
477.000,0.958287
478.000,0.957990
479.000,0.957688
480.000,0.957382
481.000,0.957071
482.000,0.956756
483.000,0.956435
484.000,0.956110
485.000,0.955780
486.000,0.955445
487.000,0.955105
488.000,0.954760
489.000,0.954410
490.000,0.954054
491.000,0.953692
492.000,0.953325
493.000,0.952952
494.000,0.952574
495.000,0.952189
496.000,0.951799
497.000,0.951402
498.000,0.950999
499.000,0.950590
500.000,0.950174
501.000,0.949751
502.000,0.949322
503.000,0.948886
504.000,0.948443
505.000,0.947993
506.000,0.947536
507.000,0.947072
508.000,0.946600
509.000,0.946120
510.000,0.945633
511.000,0.945138
512.000,0.944635
513.000,0.944123
514.000,0.943603
515.000,0.943075
516.000,0.942538
517.000,0.941992
518.000,0.941437
519.000,0.940872
520.000,0.940299
521.000,0.939716
522.000,0.939123
523.000,0.938521
524.000,0.937908
525.000,0.937285
526.000,0.936652
527.000,0.936008
528.000,0.935353
529.000,0.934687
530.000,0.934009
531.000,0.933319
532.000,0.932617
533.000,0.931903
534.000,0.931176
535.000,0.930436
536.000,0.929683
537.000,0.928917
538.000,0.928137
539.000,0.927343
540.000,0.926534
541.000,0.925711
542.000,0.924874
543.000,0.924021
544.000,0.923153
545.000,0.922269
546.000,0.921368
547.000,0.920452
548.000,0.919518
549.000,0.918567
550.000,0.917598
551.000,0.916611
552.000,0.915605
553.000,0.914581
554.000,0.913537
555.000,0.912473
556.000,0.911388
557.000,0.910283
558.000,0.909156
559.000,0.908007
560.000,0.906836
561.000,0.905641
562.000,0.904424
563.000,0.903182
564.000,0.901915
565.000,0.900623
566.000,0.899305
567.000,0.897961
568.000,0.896590
569.000,0.895191
570.000,0.893763
571.000,0.892306
572.000,0.890819
573.000,0.889301
574.000,0.887752
575.000,0.886170
576.000,0.884554
577.000,0.882904
578.000,0.881218
579.000,0.879495
580.000,0.877735
581.000,0.875937
582.000,0.874099
583.000,0.872221
584.000,0.870301
585.000,0.868339
586.000,0.866334
587.000,0.864285
588.000,0.862191
589.000,0.860050
590.000,0.857861
591.000,0.855624
592.000,0.853337
593.000,0.850998
594.000,0.848606
595.000,0.846159
596.000,0.843655
597.000,0.841094
598.000,0.838472
599.000,0.835788
600.000,0.833040
601.000,0.830226
602.000,0.827345
603.000,0.824394
604.000,0.821372
605.000,0.818275
606.000,0.815103
607.000,0.811853
608.000,0.808523
609.000,0.805111
610.000,0.801614
611.000,0.798030
612.000,0.794356
613.000,0.790590
614.000,0.786730
615.000,0.782773
616.000,0.778715
617.000,0.774554
618.000,0.770288
619.000,0.765913
620.000,0.761426
621.000,0.756823
622.000,0.752103
623.000,0.747260
624.000,0.742292
625.000,0.737194
626.000,0.731964
627.000,0.726596
628.000,0.721087
629.000,0.715433
630.000,0.709630
631.000,0.703672
632.000,0.697557
633.000,0.691279
634.000,0.684834
635.000,0.678218
636.000,0.671426
637.000,0.664454
638.000,0.657298
639.000,0.649954
640.000,0.642416
641.000,0.634681
642.000,0.626745
643.000,0.618602
644.000,0.610250
645.000,0.601683
646.000,0.592898
647.000,0.583890
648.000,0.574656
649.000,0.565192
650.000,0.555494
651.000,0.545559
652.000,0.535384
653.000,0.524968
654.000,0.514309
655.000,0.503406
656.000,0.492258
657.000,0.480868
658.000,0.469237
659.000,0.457369
660.000,0.445267
661.000,0.432937
662.000,0.420387
663.000,0.407624
664.000,0.394658
665.000,0.381502
666.000,0.368167
667.000,0.354669
668.000,0.341027
669.000,0.327258
670.000,0.313385
671.000,0.299434
672.000,0.285432
673.000,0.271411
674.000,0.257407
675.000,0.243458
676.000,0.229608
677.000,0.215903
678.000,0.202394
679.000,0.189134
680.000,0.176181
681.000,0.163593
682.000,0.151428
683.000,0.139747
684.000,0.128608
685.000,0.118064
686.000,0.108168
687.000,0.098963
688.000,0.090489
689.000,0.082774
690.000,0.075840
691.000,0.069697
692.000,0.064347
693.000,0.059780
694.000,0.055977
695.000,0.052913
696.000,0.050550
697.000,0.048850
698.000,0.047765
699.000,0.047247
700.000,0.047246
701.000,0.047711
702.000,0.048594
703.000,0.049849
704.000,0.051435
705.000,0.053313
706.000,0.055451
707.000,0.057821
708.000,0.060401
709.000,0.063171
710.000,0.066116
711.000,0.069224
712.000,0.072487
713.000,0.075897
714.000,0.079448
715.000,0.083135
716.000,0.086953
717.000,0.090896
718.000,0.094961
719.000,0.099140
720.000,0.103430
721.000,0.107822
722.000,0.112312
723.000,0.116892
724.000,0.121557
725.000,0.126301
726.000,0.131117
727.000,0.135999
728.000,0.140944
729.000,0.145945
730.000,0.150999
731.000,0.156101
732.000,0.161247
733.000,0.166433
734.000,0.171656
735.000,0.176913
736.000,0.182199
737.000,0.187511
738.000,0.192845
739.000,0.198198
740.000,0.203566
741.000,0.208944
742.000,0.214329
743.000,0.219717
744.000,0.225102
745.000,0.230482
746.000,0.235851
747.000,0.241206
748.000,0.246542
749.000,0.251855
750.000,0.257140
751.000,0.262394
752.000,0.267612
753.000,0.272790
754.000,0.277925
755.000,0.283011
756.000,0.288045
757.000,0.293024
758.000,0.297943
759.000,0.302798
760.000,0.307585
761.000,0.312302
762.000,0.316944
763.000,0.321509
764.000,0.325992
765.000,0.330392
766.000,0.334704
767.000,0.338928
768.000,0.343059
769.000,0.347097
770.000,0.351039
771.000,0.354882
772.000,0.358626
773.000,0.362268
774.000,0.365807
775.000,0.369242
776.000,0.372571
777.000,0.375793
778.000,0.378907
779.000,0.381912
780.000,0.384807
781.000,0.387592
782.000,0.390266
783.000,0.392827
784.000,0.395277
785.000,0.397614
786.000,0.399838
787.000,0.401948
788.000,0.403945
789.000,0.405829
790.000,0.407599
791.000,0.409255
792.000,0.410798
793.000,0.412227
794.000,0.413542
795.000,0.414744
796.000,0.415832
797.000,0.416807
798.000,0.417669
799.000,0.418418
800.000,0.419054
801.000,0.419578
802.000,0.419989
803.000,0.420288
804.000,0.420476
805.000,0.420552
806.000,0.420516
807.000,0.420369
808.000,0.420112
809.000,0.419744
810.000,0.419266
811.000,0.418677
812.000,0.417979
813.000,0.417172
814.000,0.416256
815.000,0.415231
816.000,0.414098
817.000,0.412857
818.000,0.411508
819.000,0.410053
820.000,0.408492
821.000,0.406824
822.000,0.405051
823.000,0.403174
824.000,0.401192
825.000,0.399106
826.000,0.396918
827.000,0.394627
828.000,0.392235
829.000,0.389742
830.000,0.387149
831.000,0.384457
832.000,0.381667
833.000,0.378780
834.000,0.375797
835.000,0.372719
836.000,0.369548
837.000,0.366284
838.000,0.362929
839.000,0.359485
840.000,0.355953
841.000,0.352335
842.000,0.348633
843.000,0.344848
844.000,0.340982
845.000,0.337038
846.000,0.333018
847.000,0.328924
848.000,0.324759
849.000,0.320525
850.000,0.316226
851.000,0.311863
852.000,0.307441
853.000,0.302962
854.000,0.298429
855.000,0.293847
856.000,0.289218
857.000,0.284546
858.000,0.279836
859.000,0.275091
860.000,0.270315
861.000,0.265512
862.000,0.260688
863.000,0.255846
864.000,0.250991
865.000,0.246128
866.000,0.241263
867.000,0.236399
868.000,0.231542
869.000,0.226698
870.000,0.221870
871.000,0.217066
872.000,0.212289
873.000,0.207546
874.000,0.202841
875.000,0.198180
876.000,0.193568
877.000,0.189010
878.000,0.184512
879.000,0.180078
880.000,0.175714
881.000,0.171424
882.000,0.167213
883.000,0.163085
884.000,0.159046
885.000,0.155099
886.000,0.151248
887.000,0.147498
888.000,0.143851
889.000,0.140312
890.000,0.136882
891.000,0.133566
892.000,0.130366
893.000,0.127284
894.000,0.124323
895.000,0.121483
896.000,0.118767
897.000,0.116176
898.000,0.113712
899.000,0.111374
900.000,0.109164
901.000,0.107082
902.000,0.105129
903.000,0.103304
904.000,0.101608
905.000,0.100040
906.000,0.098599
907.000,0.097286
908.000,0.096099
909.000,0.095037
910.000,0.094101
911.000,0.093288
912.000,0.092599
913.000,0.092031
914.000,0.091583
915.000,0.091255
916.000,0.091045
917.000,0.090952
918.000,0.090975
919.000,0.091112
920.000,0.091363
921.000,0.091725
922.000,0.092197
923.000,0.092778
924.000,0.093467
925.000,0.094262
926.000,0.095163
927.000,0.096166
928.000,0.097272
929.000,0.098479
930.000,0.099786
931.000,0.101190
932.000,0.102692
933.000,0.104288
934.000,0.105979
935.000,0.107763
936.000,0.109638
937.000,0.111602
938.000,0.113656
939.000,0.115796
940.000,0.118022
941.000,0.120332
942.000,0.122725
943.000,0.125199
944.000,0.127754
945.000,0.130386
946.000,0.133096
947.000,0.135880
948.000,0.138739
949.000,0.141669
950.000,0.144670
951.000,0.147740
952.000,0.150877
953.000,0.154079
954.000,0.157345
955.000,0.160673
956.000,0.164061
957.000,0.167506
958.000,0.171009
959.000,0.174565
960.000,0.178174
961.000,0.181833
962.000,0.185541
963.000,0.189295
964.000,0.193093
965.000,0.196933
966.000,0.200814
967.000,0.204733
968.000,0.208687
969.000,0.212676
970.000,0.216696
971.000,0.220746
972.000,0.224823
973.000,0.228926
974.000,0.233051
975.000,0.237199
976.000,0.241365
977.000,0.245548
978.000,0.249746
979.000,0.253958
980.000,0.258180
981.000,0.262412
982.000,0.266651
983.000,0.270896
984.000,0.275145
985.000,0.279395
986.000,0.283646
987.000,0.287896
988.000,0.292142
989.000,0.296385
990.000,0.300621
991.000,0.304850
992.000,0.309071
993.000,0.313281
994.000,0.317480
995.000,0.321666
996.000,0.325838
997.000,0.329995
998.000,0.334136
999.000,0.338260
1000.000,0.342365
1001.000,0.346451
1002.000,0.350517
1003.000,0.354562
1004.000,0.358586
1005.000,0.362586
1006.000,0.366564
1007.000,0.370517
1008.000,0.374446
1009.000,0.378350
1010.000,0.382228
1011.000,0.386080
1012.000,0.389905
1013.000,0.393703
1014.000,0.397473
1015.000,0.401216
1016.000,0.404930
1017.000,0.408615
1018.000,0.412271
1019.000,0.415898
1020.000,0.419495
1021.000,0.423062
1022.000,0.426600
1023.000,0.430107
1024.000,0.433583
1025.000,0.437030
1026.000,0.440446
1027.000,0.443831
1028.000,0.447186
1029.000,0.450510
1030.000,0.453804
1031.000,0.457068
1032.000,0.460301
1033.000,0.463504
1034.000,0.466676
1035.000,0.469818
1036.000,0.472931
1037.000,0.476013
1038.000,0.479065
1039.000,0.482087
1040.000,0.485080
1041.000,0.488043
1042.000,0.490977
1043.000,0.493881
1044.000,0.496756
1045.000,0.499603
1046.000,0.502420
1047.000,0.505209
1048.000,0.507969
1049.000,0.510702
1050.000,0.513406
1051.000,0.516082
1052.000,0.518731
1053.000,0.521353
1054.000,0.523947
1055.000,0.526514
1056.000,0.529055
1057.000,0.531569
1058.000,0.534057
1059.000,0.536518
1060.000,0.538955
1061.000,0.541365
1062.000,0.543751
1063.000,0.546111
1064.000,0.548447
1065.000,0.550758
1066.000,0.553045
1067.000,0.555308
1068.000,0.557547
1069.000,0.559762
1070.000,0.561954
1071.000,0.564123
1072.000,0.566269
1073.000,0.568393
1074.000,0.570493
1075.000,0.572572
1076.000,0.574629
1077.000,0.576664
1078.000,0.578677
1079.000,0.580669
1080.000,0.582640
1081.000,0.584591
1082.000,0.586521
1083.000,0.588431
1084.000,0.590320
1085.000,0.592190
1086.000,0.594041
1087.000,0.595872
1088.000,0.597684
1089.000,0.599477
1090.000,0.601251
1091.000,0.603007
1092.000,0.604744
1093.000,0.606464
1094.000,0.608165
1095.000,0.609849
1096.000,0.611515
1097.000,0.613164
1098.000,0.614796
1099.000,0.616411
1100.000,0.618009
1101.000,0.619591
1102.000,0.621156
1103.000,0.622706
1104.000,0.624239
1105.000,0.625757
1106.000,0.627259
1107.000,0.628746
1108.000,0.630217
1109.000,0.631674
1110.000,0.633115
1111.000,0.634542
1112.000,0.635954
1113.000,0.637353
1114.000,0.638736
1115.000,0.640106
1116.000,0.641462
1117.000,0.642805
1118.000,0.644134
1119.000,0.645450
1120.000,0.646752
1121.000,0.648042
1122.000,0.649318
1123.000,0.650582
1124.000,0.651834
1125.000,0.653073
1126.000,0.654300
1127.000,0.655514
1128.000,0.656717
1129.000,0.657908
1130.000,0.659087
1131.000,0.660254
1132.000,0.661410
1133.000,0.662555
1134.000,0.663688
1135.000,0.664810
1136.000,0.665921
1137.000,0.667022
1138.000,0.668111
1139.000,0.669190
1140.000,0.670259
1141.000,0.671317
1142.000,0.672365
1143.000,0.673404
1144.000,0.674432
1145.000,0.675450
1146.000,0.676459
1147.000,0.677458
1148.000,0.678447
1149.000,0.679427
1150.000,0.680398
1151.000,0.681360
1152.000,0.682312
1153.000,0.683256
1154.000,0.684190
1155.000,0.685116
1156.000,0.686033
1157.000,0.686941
1158.000,0.687841
1159.000,0.688732
1160.000,0.689615
1161.000,0.690489
1162.000,0.691356
1163.000,0.692214
1164.000,0.693064
1165.000,0.693907
1166.000,0.694741
1167.000,0.695568
1168.000,0.696387
1169.000,0.697199
1170.000,0.698003
1171.000,0.698800
1172.000,0.699590
1173.000,0.700373
1174.000,0.701148
1175.000,0.701917
1176.000,0.702678
1177.000,0.703433
1178.000,0.704181
1179.000,0.704922
1180.000,0.705656
1181.000,0.706384
1182.000,0.707105
1183.000,0.707820
1184.000,0.708528
1185.000,0.709230
1186.000,0.709925
1187.000,0.710615
1188.000,0.711298
1189.000,0.711975
1190.000,0.712646
1191.000,0.713310
1192.000,0.713969
1193.000,0.714623
1194.000,0.715270
1195.000,0.715911
1196.000,0.716547
1197.000,0.717178
1198.000,0.717803
1199.000,0.718422
1200.000,0.719036
1201.000,0.719644
1202.000,0.720248
1203.000,0.720846
1204.000,0.721439
1205.000,0.722026
1206.000,0.722609
1207.000,0.723186
1208.000,0.723759
1209.000,0.724326
1210.000,0.724889
1211.000,0.725446
1212.000,0.725999
1213.000,0.726547
1214.000,0.727090
1215.000,0.727629
1216.000,0.728163
1217.000,0.728692
1218.000,0.729217
1219.000,0.729737
1220.000,0.730253
1221.000,0.730764
1222.000,0.731271
1223.000,0.731774
1224.000,0.732272
1225.000,0.732766
1226.000,0.733256
1227.000,0.733742
1228.000,0.734224
1229.000,0.734702
1230.000,0.735175
1231.000,0.735645
1232.000,0.736110
1233.000,0.736572
1234.000,0.737029
1235.000,0.737483
1236.000,0.737933
1237.000,0.738379
1238.000,0.738821
1239.000,0.739260
1240.000,0.739695
1241.000,0.740126
1242.000,0.740554
1243.000,0.740978
1244.000,0.741399
1245.000,0.741816
1246.000,0.742230
1247.000,0.742640
1248.000,0.743046
1249.000,0.743450
1250.000,0.743850
1251.000,0.744246
1252.000,0.744639
1253.000,0.745029
1254.000,0.745415
1255.000,0.745799
1256.000,0.746179
1257.000,0.746556
1258.000,0.746929
1259.000,0.747300
1260.000,0.747667
1261.000,0.748032
1262.000,0.748393
1263.000,0.748752
1264.000,0.749107
1265.000,0.749459
1266.000,0.749809
1267.000,0.750156
1268.000,0.750500
1269.000,0.750841
1270.000,0.751179
1271.000,0.751514
1272.000,0.751846
1273.000,0.752176
1274.000,0.752503
1275.000,0.752827
1276.000,0.753149
1277.000,0.753467
1278.000,0.753783
1279.000,0.754097
1280.000,0.754408
1281.000,0.754716
1282.000,0.755021
1283.000,0.755324
1284.000,0.755625
1285.000,0.755923
1286.000,0.756218
1287.000,0.756512
1288.000,0.756802
1289.000,0.757091
1290.000,0.757377
1291.000,0.757660
1292.000,0.757941
1293.000,0.758220
1294.000,0.758497
1295.000,0.758771
1296.000,0.759043
1297.000,0.759312
1298.000,0.759580
1299.000,0.759845
1300.000,0.760107
1301.000,0.760368
1302.000,0.760626
1303.000,0.760882
1304.000,0.761136
1305.000,0.761387
1306.000,0.761637
1307.000,0.761885
1308.000,0.762130
1309.000,0.762374
1310.000,0.762615
1311.000,0.762854
1312.000,0.763092
1313.000,0.763327
1314.000,0.763561
1315.000,0.763792
1316.000,0.764022
1317.000,0.764249
1318.000,0.764475
1319.000,0.764698
1320.000,0.764920
1321.000,0.765139
1322.000,0.765357
1323.000,0.765572
1324.000,0.765786
1325.000,0.765998
1326.000,0.766208
1327.000,0.766416
1328.000,0.766623
1329.000,0.766827
1330.000,0.767030
1331.000,0.767231
1332.000,0.767431
1333.000,0.767628
1334.000,0.767824
1335.000,0.768018
1336.000,0.768211
1337.000,0.768402
1338.000,0.768591
1339.000,0.768778
1340.000,0.768964
1341.000,0.769148
1342.000,0.769331
1343.000,0.769511
1344.000,0.769690
1345.000,0.769868
1346.000,0.770043
1347.000,0.770218
1348.000,0.770390
1349.000,0.770561
1350.000,0.770730
1351.000,0.770898
1352.000,0.771064
1353.000,0.771229
1354.000,0.771392
1355.000,0.771554
1356.000,0.771714
1357.000,0.771873
1358.000,0.772030
1359.000,0.772186
1360.000,0.772340
1361.000,0.772493
1362.000,0.772645
1363.000,0.772795
1364.000,0.772943
1365.000,0.773091
1366.000,0.773236
1367.000,0.773381
1368.000,0.773524
1369.000,0.773665
1370.000,0.773805
1371.000,0.773944
1372.000,0.774081
1373.000,0.774217
1374.000,0.774351
1375.000,0.774484
1376.000,0.774616
1377.000,0.774746
1378.000,0.774875
1379.000,0.775003
1380.000,0.775129
1381.000,0.775254
1382.000,0.775378
1383.000,0.775500
1384.000,0.775622
1385.000,0.775742
1386.000,0.775860
1387.000,0.775977
1388.000,0.776093
1389.000,0.776208
1390.000,0.776322
1391.000,0.776434
1392.000,0.776545
1393.000,0.776655
1394.000,0.776764
1395.000,0.776871
1396.000,0.776978
1397.000,0.777083
1398.000,0.777187
1399.000,0.777290
1400.000,0.777391
1401.000,0.777492
1402.000,0.777591
1403.000,0.777689
1404.000,0.777786
1405.000,0.777882
1406.000,0.777976
1407.000,0.778070
1408.000,0.778162
1409.000,0.778253
1410.000,0.778342
1411.000,0.778431
1412.000,0.778518
1413.000,0.778605
1414.000,0.778690
1415.000,0.778774
1416.000,0.778857
1417.000,0.778939
1418.000,0.779020
1419.000,0.779100
1420.000,0.779179
1421.000,0.779256
1422.000,0.779333
1423.000,0.779409
1424.000,0.779483
1425.000,0.779557
1426.000,0.779629
1427.000,0.779700
1428.000,0.779770
1429.000,0.779839
1430.000,0.779907
1431.000,0.779973
1432.000,0.780039
1433.000,0.780103
1434.000,0.780167
1435.000,0.780229
1436.000,0.780291
1437.000,0.780351
1438.000,0.780411
1439.000,0.780469
1440.000,0.780527
1441.000,0.780584
1442.000,0.780639
1443.000,0.780694
1444.000,0.780748
1445.000,0.780801
1446.000,0.780853
1447.000,0.780903
1448.000,0.780953
1449.000,0.781002
1450.000,0.781049
1451.000,0.781096
1452.000,0.781142
1453.000,0.781186
1454.000,0.781229
1455.000,0.781272
1456.000,0.781313
1457.000,0.781354
1458.000,0.781393
1459.000,0.781432
1460.000,0.781469
1461.000,0.781506
1462.000,0.781542
1463.000,0.781577
1464.000,0.781610
1465.000,0.781643
1466.000,0.781675
1467.000,0.781706
1468.000,0.781737
1469.000,0.781766
1470.000,0.781794
1471.000,0.781821
1472.000,0.781847
1473.000,0.781873
1474.000,0.781897
1475.000,0.781920
1476.000,0.781943
1477.000,0.781964
1478.000,0.781985
1479.000,0.782004
1480.000,0.782023
1481.000,0.782041
1482.000,0.782058
1483.000,0.782073
1484.000,0.782088
1485.000,0.782102
1486.000,0.782115
1487.000,0.782127
1488.000,0.782138
1489.000,0.782148
1490.000,0.782157
1491.000,0.782165
1492.000,0.782172
1493.000,0.782179
1494.000,0.782184
1495.000,0.782188
1496.000,0.782192
1497.000,0.782194
1498.000,0.782196
1499.000,0.782197
1500.000,0.782197
1501.000,0.782195
1502.000,0.782193
1503.000,0.782191
1504.000,0.782187
1505.000,0.782182
1506.000,0.782176
1507.000,0.782170
1508.000,0.782162
1509.000,0.782153
1510.000,0.782144
1511.000,0.782133
1512.000,0.782122
1513.000,0.782109
1514.000,0.782096
1515.000,0.782082
1516.000,0.782066
1517.000,0.782050
1518.000,0.782032
1519.000,0.782014
1520.000,0.781995
1521.000,0.781975
1522.000,0.781953
1523.000,0.781931
1524.000,0.781908
1525.000,0.781884
1526.000,0.781859
1527.000,0.781833
1528.000,0.781806
1529.000,0.781778
1530.000,0.781749
1531.000,0.781719
1532.000,0.781689
1533.000,0.781657
1534.000,0.781624
1535.000,0.781590
1536.000,0.781556
1537.000,0.781520
1538.000,0.781483
1539.000,0.781445
1540.000,0.781406
1541.000,0.781367
1542.000,0.781326
1543.000,0.781284
1544.000,0.781241
1545.000,0.781197
1546.000,0.781152
1547.000,0.781106
1548.000,0.781059
1549.000,0.781012
1550.000,0.780963
1551.000,0.780913
1552.000,0.780861
1553.000,0.780809
1554.000,0.780756
1555.000,0.780702
1556.000,0.780647
1557.000,0.780591
1558.000,0.780533
1559.000,0.780475
1560.000,0.780415
1561.000,0.780354
1562.000,0.780293
1563.000,0.780230
1564.000,0.780166
1565.000,0.780101
1566.000,0.780034
1567.000,0.779967
1568.000,0.779898
1569.000,0.779829
1570.000,0.779758
1571.000,0.779686
1572.000,0.779613
1573.000,0.779539
1574.000,0.779464
1575.000,0.779388
1576.000,0.779310
1577.000,0.779232
1578.000,0.779152
1579.000,0.779071
1580.000,0.778989
1581.000,0.778905
1582.000,0.778821
1583.000,0.778735
1584.000,0.778648
1585.000,0.778559
1586.000,0.778470
1587.000,0.778379
1588.000,0.778287
1589.000,0.778194
1590.000,0.778099
1591.000,0.778004
1592.000,0.777907
1593.000,0.777808
1594.000,0.777709
1595.000,0.777608
1596.000,0.777506
1597.000,0.777402
1598.000,0.777297
1599.000,0.777191
1600.000,0.777083
1601.000,0.776974
1602.000,0.776864
1603.000,0.776752
1604.000,0.776639
1605.000,0.776525
1606.000,0.776409
1607.000,0.776292
1608.000,0.776174
1609.000,0.776054
1610.000,0.775932
1611.000,0.775810
1612.000,0.775685
1613.000,0.775560
1614.000,0.775432
1615.000,0.775304
1616.000,0.775173
1617.000,0.775042
1618.000,0.774908
1619.000,0.774773
1620.000,0.774637
1621.000,0.774499
1622.000,0.774359
1623.000,0.774218
1624.000,0.774075
1625.000,0.773931
1626.000,0.773785
1627.000,0.773637
1628.000,0.773488
1629.000,0.773337
1630.000,0.773185
1631.000,0.773031
1632.000,0.772875
1633.000,0.772717
1634.000,0.772558
1635.000,0.772397
1636.000,0.772235
1637.000,0.772070
1638.000,0.771904
1639.000,0.771736
1640.000,0.771566
1641.000,0.771394
1642.000,0.771220
1643.000,0.771045
1644.000,0.770868
1645.000,0.770688
1646.000,0.770507
1647.000,0.770324
1648.000,0.770139
1649.000,0.769952
1650.000,0.769762
1651.000,0.769571
1652.000,0.769378
1653.000,0.769183
1654.000,0.768986
1655.000,0.768787
1656.000,0.768586
1657.000,0.768382
1658.000,0.768177
1659.000,0.767969
1660.000,0.767759
1661.000,0.767547
1662.000,0.767333
1663.000,0.767117
1664.000,0.766898
1665.000,0.766677
1666.000,0.766454
1667.000,0.766229
1668.000,0.766001
1669.000,0.765771
1670.000,0.765538
1671.000,0.765304
1672.000,0.765066
1673.000,0.764827
1674.000,0.764585
1675.000,0.764340
1676.000,0.764093
1677.000,0.763843
1678.000,0.763591
1679.000,0.763336
1680.000,0.763078
1681.000,0.762818
1682.000,0.762555
1683.000,0.762289
1684.000,0.762021
1685.000,0.761749
1686.000,0.761475
1687.000,0.761198
1688.000,0.760918
1689.000,0.760636
1690.000,0.760350
1691.000,0.760062
1692.000,0.759771
1693.000,0.759477
1694.000,0.759180
1695.000,0.758879
1696.000,0.758576
1697.000,0.758270
1698.000,0.757960
1699.000,0.757647
1700.000,0.757331
1701.000,0.757012
1702.000,0.756690
1703.000,0.756364
1704.000,0.756035
1705.000,0.755702
1706.000,0.755366
1707.000,0.755027
1708.000,0.754684
1709.000,0.754338
1710.000,0.753988
1711.000,0.753635
1712.000,0.753278
1713.000,0.752917
1714.000,0.752552
1715.000,0.752184
1716.000,0.751811
1717.000,0.751435
1718.000,0.751055
1719.000,0.750671
1720.000,0.750283
1721.000,0.749891
1722.000,0.749495
1723.000,0.749094
1724.000,0.748690
1725.000,0.748282
1726.000,0.747869
1727.000,0.747452
1728.000,0.747031
1729.000,0.746606
1730.000,0.746176
1731.000,0.745742
1732.000,0.745303
1733.000,0.744860
1734.000,0.744412
1735.000,0.743960
1736.000,0.743503
1737.000,0.743041
1738.000,0.742574
1739.000,0.742103
1740.000,0.741626
1741.000,0.741145
1742.000,0.740658
1743.000,0.740167
1744.000,0.739671
1745.000,0.739169
1746.000,0.738662
1747.000,0.738150
1748.000,0.737632
1749.000,0.737109
1750.000,0.736581
1751.000,0.736047
1752.000,0.735507
1753.000,0.734962
1754.000,0.734411
1755.000,0.733854
1756.000,0.733291
1757.000,0.732722
1758.000,0.732148
1759.000,0.731567
1760.000,0.730980
1761.000,0.730388
1762.000,0.729789
1763.000,0.729184
1764.000,0.728573
1765.000,0.727955
1766.000,0.727331
1767.000,0.726701
1768.000,0.726064
1769.000,0.725421
1770.000,0.724771
1771.000,0.724114
1772.000,0.723450
1773.000,0.722780
1774.000,0.722102
1775.000,0.721417
1776.000,0.720724
1777.000,0.720024
1778.000,0.719317
1779.000,0.718603
1780.000,0.717880
1781.000,0.717151
1782.000,0.716414
1783.000,0.715669
1784.000,0.714917
1785.000,0.714157
1786.000,0.713390
1787.000,0.712615
1788.000,0.711832
1789.000,0.711041
1790.000,0.710242
1791.000,0.709435
1792.000,0.708620
1793.000,0.707796
1794.000,0.706964
1795.000,0.706123
1796.000,0.705274
1797.000,0.704416
1798.000,0.703549
1799.000,0.702673
1800.000,0.701789
1801.000,0.700896
1802.000,0.699993
1803.000,0.699082
1804.000,0.698161
1805.000,0.697232
1806.000,0.696293
1807.000,0.695344
1808.000,0.694387
1809.000,0.693419
1810.000,0.692442
1811.000,0.691455
1812.000,0.690459
1813.000,0.689452
1814.000,0.688435
1815.000,0.687409
1816.000,0.686372
1817.000,0.685325
1818.000,0.684268
1819.000,0.683202
1820.000,0.682125
1821.000,0.681038
1822.000,0.679941
1823.000,0.678835
1824.000,0.677718
1825.000,0.676591
1826.000,0.675455
1827.000,0.674308
1828.000,0.673151
1829.000,0.671983
1830.000,0.670806
1831.000,0.669617
1832.000,0.668417
1833.000,0.667207
1834.000,0.665985
1835.000,0.664753
1836.000,0.663509
1837.000,0.662254
1838.000,0.660988
1839.000,0.659711
1840.000,0.658423
1841.000,0.657125
1842.000,0.655816
1843.000,0.654496
1844.000,0.653166
1845.000,0.651826
1846.000,0.650475
1847.000,0.649113
1848.000,0.647742
1849.000,0.646360
1850.000,0.644968
1851.000,0.643565
1852.000,0.642152
1853.000,0.640728
1854.000,0.639294
1855.000,0.637849
1856.000,0.636394
1857.000,0.634929
1858.000,0.633453
1859.000,0.631967
1860.000,0.630471
1861.000,0.628965
1862.000,0.627448
1863.000,0.625922
1864.000,0.624387
1865.000,0.622842
1866.000,0.621288
1867.000,0.619725
1868.000,0.618153
1869.000,0.616572
1870.000,0.614983
1871.000,0.613386
1872.000,0.611781
1873.000,0.610168
1874.000,0.608547
1875.000,0.606918
1876.000,0.605282
1877.000,0.603638
1878.000,0.601987
1879.000,0.600329
1880.000,0.598664
1881.000,0.596992
1882.000,0.595313
1883.000,0.593627
1884.000,0.591935
1885.000,0.590237
1886.000,0.588533
1887.000,0.586824
1888.000,0.585110
1889.000,0.583391
1890.000,0.581668
1891.000,0.579941
1892.000,0.578209
1893.000,0.576475
1894.000,0.574737
1895.000,0.572997
1896.000,0.571253
1897.000,0.569508
1898.000,0.567760
1899.000,0.566010
1900.000,0.564258
1901.000,0.562505
1902.000,0.560751
1903.000,0.558996
1904.000,0.557241
1905.000,0.555485
1906.000,0.553729
1907.000,0.551974
1908.000,0.550219
1909.000,0.548465
1910.000,0.546713
1911.000,0.544962
1912.000,0.543214
1913.000,0.541468
1914.000,0.539724
1915.000,0.537984
1916.000,0.536247
1917.000,0.534514
1918.000,0.532785
1919.000,0.531060
1920.000,0.529341
1921.000,0.527626
1922.000,0.525918
1923.000,0.524215
1924.000,0.522519
1925.000,0.520830
1926.000,0.519148
1927.000,0.517473
1928.000,0.515806
1929.000,0.514147
1930.000,0.512497
1931.000,0.510855
1932.000,0.509222
1933.000,0.507597
1934.000,0.505983
1935.000,0.504377
1936.000,0.502782
1937.000,0.501197
1938.000,0.499622
1939.000,0.498058
1940.000,0.496505
1941.000,0.494964
1942.000,0.493435
1943.000,0.491918
1944.000,0.490413
1945.000,0.488921
1946.000,0.487442
1947.000,0.485976
1948.000,0.484523
1949.000,0.483085
1950.000,0.481659
1951.000,0.480248
1952.000,0.478852
1953.000,0.477469
1954.000,0.476101
1955.000,0.474748
1956.000,0.473409
1957.000,0.472086
1958.000,0.470778
1959.000,0.469485
1960.000,0.468208
1961.000,0.466947
1962.000,0.465702
1963.000,0.464474
1964.000,0.463261
1965.000,0.462066
1966.000,0.460887
1967.000,0.459725
1968.000,0.458581
1969.000,0.457453
1970.000,0.456344
1971.000,0.455251
1972.000,0.454176
1973.000,0.453119
1974.000,0.452080
1975.000,0.451058
1976.000,0.450054
1977.000,0.449069
1978.000,0.448101
1979.000,0.447151
1980.000,0.446219
1981.000,0.445306
1982.000,0.444410
1983.000,0.443533
1984.000,0.442674
1985.000,0.441833
1986.000,0.441010
1987.000,0.440206
1988.000,0.439419
1989.000,0.438651
1990.000,0.437901
1991.000,0.437170
1992.000,0.436457
1993.000,0.435762
1994.000,0.435085
1995.000,0.434426
1996.000,0.433786
1997.000,0.433164
1998.000,0.432560
1999.000,0.431975
2000.000,0.431407
2001.000,0.430858
2002.000,0.430326
2003.000,0.429813
2004.000,0.429317
2005.000,0.428840
2006.000,0.428380
2007.000,0.427938
2008.000,0.427513
2009.000,0.427106
2010.000,0.426716
2011.000,0.426344
2012.000,0.425988
2013.000,0.425650
2014.000,0.425329
2015.000,0.425024
2016.000,0.424737
2017.000,0.424466
2018.000,0.424212
2019.000,0.423974
2020.000,0.423752
2021.000,0.423547
2022.000,0.423358
2023.000,0.423184
2024.000,0.423026
2025.000,0.422884
2026.000,0.422758
2027.000,0.422647
2028.000,0.422551
2029.000,0.422470
2030.000,0.422404
2031.000,0.422353
2032.000,0.422317
2033.000,0.422295
2034.000,0.422289
2035.000,0.422296
2036.000,0.422318
2037.000,0.422355
2038.000,0.422405
2039.000,0.422469
2040.000,0.422547
2041.000,0.422639
2042.000,0.422744
2043.000,0.422861
2044.000,0.422992
2045.000,0.423136
2046.000,0.423291
2047.000,0.423460
2048.000,0.423640
2049.000,0.423832
2050.000,0.424035
2051.000,0.424251
2052.000,0.424477
2053.000,0.424714
2054.000,0.424963
2055.000,0.425221
2056.000,0.425491
2057.000,0.425770
2058.000,0.426060
2059.000,0.426359
2060.000,0.426668
2061.000,0.426987
2062.000,0.427315
2063.000,0.427653
2064.000,0.428001
2065.000,0.428358
2066.000,0.428724
2067.000,0.429100
2068.000,0.429485
2069.000,0.429879
2070.000,0.430282
2071.000,0.430695
2072.000,0.431116
2073.000,0.431546
2074.000,0.431984
2075.000,0.432430
2076.000,0.432885
2077.000,0.433346
2078.000,0.433816
2079.000,0.434292
2080.000,0.434775
2081.000,0.435265
2082.000,0.435761
2083.000,0.436264
2084.000,0.436772
2085.000,0.437286
2086.000,0.437805
2087.000,0.438330
2088.000,0.438860
2089.000,0.439395
2090.000,0.439935
2091.000,0.440480
2092.000,0.441031
2093.000,0.441586
2094.000,0.442147
2095.000,0.442712
2096.000,0.443283
2097.000,0.443858
2098.000,0.444437
2099.000,0.445021
2100.000,0.445610
2101.000,0.446202
2102.000,0.446799
2103.000,0.447400
2104.000,0.448004
2105.000,0.448612
2106.000,0.449223
2107.000,0.449838
2108.000,0.450457
2109.000,0.451078
2110.000,0.451703
2111.000,0.452331
2112.000,0.452961
2113.000,0.453594
2114.000,0.454230
2115.000,0.454867
2116.000,0.455507
2117.000,0.456149
2118.000,0.456793
2119.000,0.457438
2120.000,0.458085
2121.000,0.458734
2122.000,0.459385
2123.000,0.460037
2124.000,0.460691
2125.000,0.461346
2126.000,0.462003
2127.000,0.462661
2128.000,0.463321
2129.000,0.463982
2130.000,0.464644
2131.000,0.465307
2132.000,0.465971
2133.000,0.466636
2134.000,0.467301
2135.000,0.467967
2136.000,0.468633
2137.000,0.469300
2138.000,0.469967
2139.000,0.470634
2140.000,0.471301
2141.000,0.471969
2142.000,0.472637
2143.000,0.473305
2144.000,0.473973
2145.000,0.474640
2146.000,0.475308
2147.000,0.475976
2148.000,0.476644
2149.000,0.477312
2150.000,0.477979
2151.000,0.478645
2152.000,0.479312
2153.000,0.479977
2154.000,0.480642
2155.000,0.481306
2156.000,0.481969
2157.000,0.482632
2158.000,0.483293
2159.000,0.483954
2160.000,0.484614
2161.000,0.485273
2162.000,0.485931
2163.000,0.486589
2164.000,0.487245
2165.000,0.487901
2166.000,0.488556
2167.000,0.489209
2168.000,0.489861
2169.000,0.490512
2170.000,0.491161
2171.000,0.491809
2172.000,0.492455
2173.000,0.493100
2174.000,0.493743
2175.000,0.494384
2176.000,0.495023
2177.000,0.495661
2178.000,0.496297
2179.000,0.496931
2180.000,0.497564
2181.000,0.498195
2182.000,0.498825
2183.000,0.499453
2184.000,0.500079
2185.000,0.500704
2186.000,0.501327
2187.000,0.501948
2188.000,0.502568
2189.000,0.503186
2190.000,0.503802
2191.000,0.504417
2192.000,0.505030
2193.000,0.505641
2194.000,0.506250
2195.000,0.506856
2196.000,0.507461
2197.000,0.508064
2198.000,0.508664
2199.000,0.509262
2200.000,0.509857
2201.000,0.510450
2202.000,0.511040
2203.000,0.511628
2204.000,0.512214
2205.000,0.512796
2206.000,0.513377
2207.000,0.513955
2208.000,0.514531
2209.000,0.515104
2210.000,0.515676
2211.000,0.516245
2212.000,0.516812
2213.000,0.517376
2214.000,0.517939
2215.000,0.518500
2216.000,0.519058
2217.000,0.519614
2218.000,0.520168
2219.000,0.520720
2220.000,0.521269
2221.000,0.521816
2222.000,0.522360
2223.000,0.522902
2224.000,0.523442
2225.000,0.523978
2226.000,0.524513
2227.000,0.525044
2228.000,0.525573
2229.000,0.526100
2230.000,0.526624
2231.000,0.527146
2232.000,0.527666
2233.000,0.528184
2234.000,0.528699
2235.000,0.529211
2236.000,0.529722
2237.000,0.530230
2238.000,0.530735
2239.000,0.531238
2240.000,0.531738
2241.000,0.532235
2242.000,0.532728
2243.000,0.533219
2244.000,0.533707
2245.000,0.534192
2246.000,0.534675
2247.000,0.535154
2248.000,0.535631
2249.000,0.536105
2250.000,0.536578
2251.000,0.537048
2252.000,0.537516
2253.000,0.537982
2254.000,0.538447
2255.000,0.538910
2256.000,0.539371
2257.000,0.539831
2258.000,0.540289
2259.000,0.540745
2260.000,0.541198
2261.000,0.541650
2262.000,0.542099
2263.000,0.542546
2264.000,0.542989
2265.000,0.543430
2266.000,0.543868
2267.000,0.544302
2268.000,0.544734
2269.000,0.545162
2270.000,0.545587
2271.000,0.546008
2272.000,0.546427
2273.000,0.546843
2274.000,0.547256
2275.000,0.547666
2276.000,0.548074
2277.000,0.548480
2278.000,0.548884
2279.000,0.549286
2280.000,0.549686
2281.000,0.550084
2282.000,0.550481
2283.000,0.550876
2284.000,0.551269
2285.000,0.551660
2286.000,0.552050
2287.000,0.552437
2288.000,0.552823
2289.000,0.553205
2290.000,0.553586
2291.000,0.553964
2292.000,0.554339
2293.000,0.554711
2294.000,0.555082
2295.000,0.555449
2296.000,0.555814
2297.000,0.556177
2298.000,0.556538
2299.000,0.556897
2300.000,0.557253
2301.000,0.557608
2302.000,0.557961
2303.000,0.558312
2304.000,0.558661
2305.000,0.559008
2306.000,0.559353
2307.000,0.559695
2308.000,0.560036
2309.000,0.560373
2310.000,0.560709
2311.000,0.561042
2312.000,0.561373
2313.000,0.561701
2314.000,0.562027
2315.000,0.562351
2316.000,0.562673
2317.000,0.562993
2318.000,0.563311
2319.000,0.563627
2320.000,0.563941
2321.000,0.564253
2322.000,0.564564
2323.000,0.564872
2324.000,0.565179
2325.000,0.565485
2326.000,0.565788
2327.000,0.566090
2328.000,0.566389
2329.000,0.566687
2330.000,0.566983
2331.000,0.567277
2332.000,0.567569
2333.000,0.567858
2334.000,0.568146
2335.000,0.568432
2336.000,0.568716
2337.000,0.568998
2338.000,0.569278
2339.000,0.569556
2340.000,0.569833
2341.000,0.570108
2342.000,0.570381
2343.000,0.570652
2344.000,0.570922
2345.000,0.571190
2346.000,0.571456
2347.000,0.571720
2348.000,0.571983
2349.000,0.572244
2350.000,0.572502
2351.000,0.572759
2352.000,0.573014
2353.000,0.573267
2354.000,0.573518
2355.000,0.573768
2356.000,0.574015
2357.000,0.574261
2358.000,0.574505
2359.000,0.574747
2360.000,0.574988
2361.000,0.575227
2362.000,0.575465
2363.000,0.575701
2364.000,0.575936
2365.000,0.576169
2366.000,0.576401
2367.000,0.576631
2368.000,0.576860
2369.000,0.577087
2370.000,0.577313
2371.000,0.577538
2372.000,0.577761
2373.000,0.577983
2374.000,0.578203
2375.000,0.578421
2376.000,0.578639
2377.000,0.578854
2378.000,0.579068
2379.000,0.579281
2380.000,0.579492
2381.000,0.579701
2382.000,0.579908
2383.000,0.580114
2384.000,0.580319
2385.000,0.580521
2386.000,0.580722
2387.000,0.580922
2388.000,0.581120
2389.000,0.581317
2390.000,0.581513
2391.000,0.581707
2392.000,0.581900
2393.000,0.582091
2394.000,0.582282
2395.000,0.582471
2396.000,0.582658
2397.000,0.582845
2398.000,0.583030
2399.000,0.583213
2400.000,0.583395
2401.000,0.583576
2402.000,0.583755
2403.000,0.583932
2404.000,0.584108
2405.000,0.584283
2406.000,0.584457
2407.000,0.584629
2408.000,0.584800
2409.000,0.584970
2410.000,0.585138
2411.000,0.585306
2412.000,0.585472
2413.000,0.585638
2414.000,0.585802
2415.000,0.585964
2416.000,0.586126
2417.000,0.586286
2418.000,0.586445
2419.000,0.586603
2420.000,0.586759
2421.000,0.586914
2422.000,0.587068
2423.000,0.587221
2424.000,0.587372
2425.000,0.587523
2426.000,0.587672
2427.000,0.587819
2428.000,0.587966
2429.000,0.588112
2430.000,0.588256
2431.000,0.588399
2432.000,0.588541
2433.000,0.588681
2434.000,0.588821
2435.000,0.588959
2436.000,0.589096
2437.000,0.589232
2438.000,0.589367
2439.000,0.589501
2440.000,0.589633
2441.000,0.589765
2442.000,0.589896
2443.000,0.590026
2444.000,0.590154
2445.000,0.590282
2446.000,0.590409
2447.000,0.590535
2448.000,0.590660
2449.000,0.590784
2450.000,0.590908
2451.000,0.591030
2452.000,0.591151
2453.000,0.591272
2454.000,0.591391
2455.000,0.591509
2456.000,0.591627
2457.000,0.591743
2458.000,0.591858
2459.000,0.591972
2460.000,0.592085
2461.000,0.592197
2462.000,0.592308
2463.000,0.592418
2464.000,0.592526
2465.000,0.592634
2466.000,0.592740
2467.000,0.592846
2468.000,0.592950
2469.000,0.593054
2470.000,0.593156
2471.000,0.593258
2472.000,0.593359
2473.000,0.593459
2474.000,0.593558
2475.000,0.593657
2476.000,0.593754
2477.000,0.593851
2478.000,0.593947
2479.000,0.594043
2480.000,0.594137
2481.000,0.594231
2482.000,0.594324
2483.000,0.594415
2484.000,0.594506
2485.000,0.594596
2486.000,0.594686
2487.000,0.594774
2488.000,0.594861
2489.000,0.594948
2490.000,0.595033
2491.000,0.595118
2492.000,0.595202
2493.000,0.595285
2494.000,0.595367
2495.000,0.595448
2496.000,0.595528
2497.000,0.595608
2498.000,0.595686
2499.000,0.595764
2500.000,0.595841
2501.000,0.595917
2502.000,0.595993
2503.000,0.596067
2504.000,0.596141
2505.000,0.596215
2506.000,0.596287
2507.000,0.596359
2508.000,0.596430
2509.000,0.596501
2510.000,0.596571
2511.000,0.596640
2512.000,0.596709
2513.000,0.596776
2514.000,0.596844
2515.000,0.596910
2516.000,0.596976
2517.000,0.597041
2518.000,0.597105
2519.000,0.597169
2520.000,0.597232
2521.000,0.597294
2522.000,0.597355
2523.000,0.597415
2524.000,0.597475
2525.000,0.597534
2526.000,0.597592
2527.000,0.597649
2528.000,0.597706
2529.000,0.597762
2530.000,0.597817
2531.000,0.597871
2532.000,0.597925
2533.000,0.597979
2534.000,0.598031
2535.000,0.598083
2536.000,0.598135
2537.000,0.598185
2538.000,0.598236
2539.000,0.598285
2540.000,0.598334
2541.000,0.598383
2542.000,0.598431
2543.000,0.598478
2544.000,0.598524
2545.000,0.598570
2546.000,0.598616
2547.000,0.598660
2548.000,0.598705
2549.000,0.598748
2550.000,0.598791
2551.000,0.598833
2552.000,0.598875
2553.000,0.598916
2554.000,0.598956
2555.000,0.598996
2556.000,0.599036
2557.000,0.599074
2558.000,0.599112
2559.000,0.599149
2560.000,0.599186
2561.000,0.599222
2562.000,0.599256
2563.000,0.599290
2564.000,0.599324
2565.000,0.599356
2566.000,0.599389
2567.000,0.599420
2568.000,0.599451
2569.000,0.599482
2570.000,0.599513
2571.000,0.599544
2572.000,0.599574
2573.000,0.599605
2574.000,0.599634
2575.000,0.599664
2576.000,0.599692
2577.000,0.599720
2578.000,0.599747
2579.000,0.599772
2580.000,0.599797
2581.000,0.599821
2582.000,0.599843
2583.000,0.599865
2584.000,0.599887
2585.000,0.599908
2586.000,0.599928
2587.000,0.599949
2588.000,0.599970
2589.000,0.599991
2590.000,0.600013
2591.000,0.600034
2592.000,0.600055
2593.000,0.600077
2594.000,0.600098
2595.000,0.600118
2596.000,0.600138
2597.000,0.600157
2598.000,0.600175
2599.000,0.600192
2600.000,0.600207
2601.000,0.600221
2602.000,0.600234
2603.000,0.600246
2604.000,0.600257
2605.000,0.600267
2606.000,0.600276
2607.000,0.600284
2608.000,0.600292
2609.000,0.600300
2610.000,0.600307
2611.000,0.600315
2612.000,0.600322
2613.000,0.600330
2614.000,0.600338
2615.000,0.600346
2616.000,0.600355
2617.000,0.600364
2618.000,0.600373
2619.000,0.600383
2620.000,0.600392
2621.000,0.600402
2622.000,0.600412
2623.000,0.600421
2624.000,0.600430
2625.000,0.600438
2626.000,0.600445
2627.000,0.600451
2628.000,0.600456
2629.000,0.600460
2630.000,0.600463
2631.000,0.600464
2632.000,0.600465
2633.000,0.600465
2634.000,0.600464
2635.000,0.600462
2636.000,0.600460
2637.000,0.600457
2638.000,0.600454
2639.000,0.600451
2640.000,0.600448
2641.000,0.600445
2642.000,0.600441
2643.000,0.600438
2644.000,0.600435
2645.000,0.600431
2646.000,0.600428
2647.000,0.600424
2648.000,0.600420
2649.000,0.600415
2650.000,0.600409
2651.000,0.600403
2652.000,0.600396
2653.000,0.600388
2654.000,0.600379
2655.000,0.600369
2656.000,0.600358
2657.000,0.600346
2658.000,0.600333
2659.000,0.600319
2660.000,0.600305
2661.000,0.600290
2662.000,0.600274
2663.000,0.600259
2664.000,0.600244
2665.000,0.600229
2666.000,0.600214
2667.000,0.600200
2668.000,0.600186
2669.000,0.600173
2670.000,0.600160
2671.000,0.600148
2672.000,0.600135
2673.000,0.600123
2674.000,0.600111
2675.000,0.600098
2676.000,0.600086
2677.000,0.600073
2678.000,0.600059
2679.000,0.600045
2680.000,0.600030
2681.000,0.600014
2682.000,0.599998
2683.000,0.599980
2684.000,0.599961
2685.000,0.599942
2686.000,0.599921
2687.000,0.599900
2688.000,0.599877
2689.000,0.599855
2690.000,0.599832
2691.000,0.599808
2692.000,0.599785
2693.000,0.599762
2694.000,0.599739
2695.000,0.599716
2696.000,0.599694
2697.000,0.599672
2698.000,0.599650
2699.000,0.599628
2700.000,0.599606
2701.000,0.599583
2702.000,0.599560
2703.000,0.599537
2704.000,0.599512
2705.000,0.599488
2706.000,0.599462
2707.000,0.599436
2708.000,0.599409
2709.000,0.599381
2710.000,0.599353
2711.000,0.599325
2712.000,0.599297
2713.000,0.599269
2714.000,0.599240
2715.000,0.599212
2716.000,0.599183
2717.000,0.599154
2718.000,0.599126
2719.000,0.599096
2720.000,0.599067
2721.000,0.599037
2722.000,0.599007
2723.000,0.598977
2724.000,0.598946
2725.000,0.598915
2726.000,0.598883
2727.000,0.598851
2728.000,0.598819
2729.000,0.598787
2730.000,0.598754
2731.000,0.598721
2732.000,0.598688
2733.000,0.598654
2734.000,0.598621
2735.000,0.598586
2736.000,0.598552
2737.000,0.598517
2738.000,0.598482
2739.000,0.598447
2740.000,0.598411
2741.000,0.598375
2742.000,0.598339
2743.000,0.598302
2744.000,0.598265
2745.000,0.598228
2746.000,0.598191
2747.000,0.598153
2748.000,0.598115
2749.000,0.598077
2750.000,0.598039
2751.000,0.598000
2752.000,0.597962
2753.000,0.597923
2754.000,0.597884
2755.000,0.597844
2756.000,0.597805
2757.000,0.597765
2758.000,0.597725
2759.000,0.597685
2760.000,0.597644
2761.000,0.597603
2762.000,0.597562
2763.000,0.597521
2764.000,0.597479
2765.000,0.597437
2766.000,0.597395
2767.000,0.597352
2768.000,0.597310
2769.000,0.597267
2770.000,0.597224
2771.000,0.597181
2772.000,0.597137
2773.000,0.597094
2774.000,0.597050
2775.000,0.597006
2776.000,0.596962
2777.000,0.596917
2778.000,0.596872
2779.000,0.596827
2780.000,0.596782
2781.000,0.596736
2782.000,0.596690
2783.000,0.596644
2784.000,0.596598
2785.000,0.596551
2786.000,0.596504
2787.000,0.596457
2788.000,0.596410
2789.000,0.596362
2790.000,0.596314
2791.000,0.596266
2792.000,0.596217
2793.000,0.596168
2794.000,0.596119
2795.000,0.596070
2796.000,0.596021
2797.000,0.595972
2798.000,0.595922
2799.000,0.595873
2800.000,0.595823
2801.000,0.595773
2802.000,0.595723
2803.000,0.595673
2804.000,0.595623
2805.000,0.595572
2806.000,0.595521
2807.000,0.595470
2808.000,0.595418
2809.000,0.595366
2810.000,0.595314
2811.000,0.595261
2812.000,0.595208
2813.000,0.595155
2814.000,0.595101
2815.000,0.595048
2816.000,0.594994
2817.000,0.594939
2818.000,0.594885
2819.000,0.594831
2820.000,0.594776
2821.000,0.594721
2822.000,0.594667
2823.000,0.594612
2824.000,0.594557
2825.000,0.594502
2826.000,0.594447
2827.000,0.594391
2828.000,0.594336
2829.000,0.594280
2830.000,0.594224
2831.000,0.594168
2832.000,0.594112
2833.000,0.594056
2834.000,0.593999
2835.000,0.593942
2836.000,0.593884
2837.000,0.593827
2838.000,0.593769
2839.000,0.593711
2840.000,0.593653
2841.000,0.593595
2842.000,0.593536
2843.000,0.593478
2844.000,0.593419
2845.000,0.593360
2846.000,0.593301
2847.000,0.593241
2848.000,0.593182
2849.000,0.593122
2850.000,0.593062
2851.000,0.593002
2852.000,0.592941
2853.000,0.592881
2854.000,0.592820
2855.000,0.592758
2856.000,0.592697
2857.000,0.592635
2858.000,0.592573
2859.000,0.592511
2860.000,0.592449
2861.000,0.592387
2862.000,0.592325
2863.000,0.592262
2864.000,0.592200
2865.000,0.592137
2866.000,0.592075
2867.000,0.592012
2868.000,0.591949
2869.000,0.591886
2870.000,0.591822
2871.000,0.591759
2872.000,0.591695
2873.000,0.591630
2874.000,0.591566
2875.000,0.591501
2876.000,0.591436
2877.000,0.591371
2878.000,0.591305
2879.000,0.591239
2880.000,0.591173
2881.000,0.591107
2882.000,0.591041
2883.000,0.590974
2884.000,0.590908
2885.000,0.590841
2886.000,0.590775
2887.000,0.590708
2888.000,0.590641
2889.000,0.590574
2890.000,0.590507
2891.000,0.590440
2892.000,0.590373
2893.000,0.590306
2894.000,0.590239
2895.000,0.590171
2896.000,0.590103
2897.000,0.590035
2898.000,0.589967
2899.000,0.589898
2900.000,0.589829
2901.000,0.589760
2902.000,0.589691
2903.000,0.589622
2904.000,0.589552
2905.000,0.589482
2906.000,0.589412
2907.000,0.589342
2908.000,0.589272
2909.000,0.589201
2910.000,0.589131
2911.000,0.589060
2912.000,0.588990
2913.000,0.588919
2914.000,0.588848
2915.000,0.588777
2916.000,0.588706
2917.000,0.588634
2918.000,0.588563
2919.000,0.588491
2920.000,0.588419
2921.000,0.588347
2922.000,0.588275
2923.000,0.588202
2924.000,0.588130
2925.000,0.588057
2926.000,0.587984
2927.000,0.587911
2928.000,0.587837
2929.000,0.587764
2930.000,0.587690
2931.000,0.587616
2932.000,0.587542
2933.000,0.587468
2934.000,0.587394
2935.000,0.587319
2936.000,0.587245
2937.000,0.587170
2938.000,0.587095
2939.000,0.587020
2940.000,0.586945
2941.000,0.586869
2942.000,0.586794
2943.000,0.586718
2944.000,0.586643
2945.000,0.586567
2946.000,0.586492
2947.000,0.586416
2948.000,0.586341
2949.000,0.586265
2950.000,0.586189
2951.000,0.586113
2952.000,0.586036
2953.000,0.585960
2954.000,0.585883
2955.000,0.585806
2956.000,0.585728
2957.000,0.585651
2958.000,0.585573
2959.000,0.585494
2960.000,0.585416
2961.000,0.585338
2962.000,0.585260
2963.000,0.585181
2964.000,0.585103
2965.000,0.585025
2966.000,0.584946
2967.000,0.584868
2968.000,0.584789
2969.000,0.584711
2970.000,0.584632
2971.000,0.584553
2972.000,0.584473
2973.000,0.584393
2974.000,0.584312
2975.000,0.584231
2976.000,0.584150
2977.000,0.584068
2978.000,0.583986
2979.000,0.583905
2980.000,0.583823
2981.000,0.583742
2982.000,0.583661
2983.000,0.583581
2984.000,0.583502
2985.000,0.583423
2986.000,0.583344
2987.000,0.583266
2988.000,0.583187
2989.000,0.583107
2990.000,0.583027
2991.000,0.582945
2992.000,0.582860
2993.000,0.582774
2994.000,0.582686
2995.000,0.582595
2996.000,0.582502
2997.000,0.582409
2998.000,0.582316
2999.000,0.582224