Wavelength,Power transmitted
400.000,0.795262
401.000,0.798925
402.000,0.802558
403.000,0.806148
404.000,0.809682
405.000,0.813149
406.000,0.816539
407.000,0.819844
408.000,0.823058
409.000,0.826178
410.000,0.829201
411.000,0.832128
412.000,0.834961
413.000,0.837703
414.000,0.840358
415.000,0.842932
416.000,0.845429
417.000,0.847855
418.000,0.850215
419.000,0.852512
420.000,0.854752
421.000,0.856936
422.000,0.859068
423.000,0.861148
424.000,0.863180
425.000,0.865162
426.000,0.867097
427.000,0.868985
428.000,0.870826
429.000,0.872621
430.000,0.874371
431.000,0.876076
432.000,0.877739
433.000,0.879359
434.000,0.880939
435.000,0.882481
436.000,0.883985
437.000,0.885453
438.000,0.886886
439.000,0.888287
440.000,0.889656
441.000,0.890995
442.000,0.892303
443.000,0.893583
444.000,0.894835
445.000,0.896060
446.000,0.897257
447.000,0.898429
448.000,0.899574
449.000,0.900695
450.000,0.901791
451.000,0.902863
452.000,0.903912
453.000,0.904938
454.000,0.905943
455.000,0.906928
456.000,0.907891
457.000,0.908836
458.000,0.909761
459.000,0.910668
460.000,0.911557
461.000,0.912429
462.000,0.913284
463.000,0.914123
464.000,0.914945
465.000,0.915753
466.000,0.916545
467.000,0.917322
468.000,0.918084
469.000,0.918832
470.000,0.919567
471.000,0.920288
472.000,0.920995
473.000,0.921690
474.000,0.922371
475.000,0.923041
476.000,0.923698
477.000,0.924344
478.000,0.924978
479.000,0.925601
480.000,0.926213
481.000,0.926814
482.000,0.927405
483.000,0.927986
484.000,0.928557
485.000,0.929119
486.000,0.929671
487.000,0.930214
488.000,0.930749
489.000,0.931274
490.000,0.931791
491.000,0.932299
492.000,0.932800
493.000,0.933292
494.000,0.933776
495.000,0.934252
496.000,0.934721
497.000,0.935182
498.000,0.935636
499.000,0.936083
500.000,0.936522
501.000,0.936955
502.000,0.937381
503.000,0.937801
504.000,0.938214
505.000,0.938622
506.000,0.939023
507.000,0.939418
508.000,0.939807
509.000,0.940191
510.000,0.940569
511.000,0.940941
512.000,0.941309
513.000,0.941670
514.000,0.942027
515.000,0.942379
516.000,0.942725
517.000,0.943067
518.000,0.943404
519.000,0.943736
520.000,0.944064
521.000,0.944387
522.000,0.944706
523.000,0.945020
524.000,0.945331
525.000,0.945637
526.000,0.945940
527.000,0.946238
528.000,0.946532
529.000,0.946823
530.000,0.947109
531.000,0.947392
532.000,0.947672
533.000,0.947947
534.000,0.948219
535.000,0.948487
536.000,0.948752
537.000,0.949014
538.000,0.949272
539.000,0.949527
540.000,0.949778
541.000,0.950027
542.000,0.950272
543.000,0.950515
544.000,0.950754
545.000,0.950991
546.000,0.951224
547.000,0.951455
548.000,0.951684
549.000,0.951909
550.000,0.952132
551.000,0.952352
552.000,0.952570
553.000,0.952785
554.000,0.952998
555.000,0.953208
556.000,0.953415
557.000,0.953621
558.000,0.953824
559.000,0.954024
560.000,0.954223
561.000,0.954419
562.000,0.954612
563.000,0.954804
564.000,0.954994
565.000,0.955181
566.000,0.955366
567.000,0.955550
568.000,0.955731
569.000,0.955910
570.000,0.956088
571.000,0.956263
572.000,0.956437
573.000,0.956609
574.000,0.956779
575.000,0.956947
576.000,0.957114
577.000,0.957278
578.000,0.957441
579.000,0.957602
580.000,0.957761
581.000,0.957919
582.000,0.958074
583.000,0.958228
584.000,0.958381
585.000,0.958531
586.000,0.958681
587.000,0.958828
588.000,0.958974
589.000,0.959119
590.000,0.959263
591.000,0.959405
592.000,0.959546
593.000,0.959686
594.000,0.959825
595.000,0.959962
596.000,0.960098
597.000,0.960233
598.000,0.960366
599.000,0.960498
600.000,0.960629
601.000,0.960759
602.000,0.960887
603.000,0.961014
604.000,0.961139
605.000,0.961263
606.000,0.961386
607.000,0.961508
608.000,0.961629
609.000,0.961748
610.000,0.961866
611.000,0.961983
612.000,0.962099
613.000,0.962214
614.000,0.962328
615.000,0.962441
616.000,0.962553
617.000,0.962664
618.000,0.962774
619.000,0.962883
620.000,0.962991
621.000,0.963098
622.000,0.963205
623.000,0.963310
624.000,0.963415
625.000,0.963519
626.000,0.963621
627.000,0.963723
628.000,0.963824
629.000,0.963924
630.000,0.964023
631.000,0.964121
632.000,0.964219
633.000,0.964315
634.000,0.964411
635.000,0.964506
636.000,0.964600
637.000,0.964693
638.000,0.964785
639.000,0.964877
640.000,0.964968
641.000,0.965058
642.000,0.965147
643.000,0.965235
644.000,0.965323
645.000,0.965410
646.000,0.965496
647.000,0.965582
648.000,0.965667
649.000,0.965752
650.000,0.965835
651.000,0.965919
652.000,0.966001
653.000,0.966083
654.000,0.966165
655.000,0.966245
656.000,0.966326
657.000,0.966405
658.000,0.966484
659.000,0.966562
660.000,0.966640
661.000,0.966716
662.000,0.966793
663.000,0.966868
664.000,0.966943
665.000,0.967018
666.000,0.967091
667.000,0.967164
668.000,0.967237
669.000,0.967309
670.000,0.967380
671.000,0.967451
672.000,0.967521
673.000,0.967591
674.000,0.967661
675.000,0.967729
676.000,0.967798
677.000,0.967866
678.000,0.967933
679.000,0.968000
680.000,0.968066
681.000,0.968132
682.000,0.968198
683.000,0.968263
684.000,0.968328
685.000,0.968392
686.000,0.968455
687.000,0.968518
688.000,0.968581
689.000,0.968643
690.000,0.968705
691.000,0.968766
692.000,0.968827
693.000,0.968887
694.000,0.968948
695.000,0.969007
696.000,0.969066
697.000,0.969125
698.000,0.969184
699.000,0.969242
700.000,0.969299
701.000,0.969357
702.000,0.969414
703.000,0.969470
704.000,0.969526
705.000,0.969582
706.000,0.969637
707.000,0.969692
708.000,0.969746
709.000,0.969800
710.000,0.969854
711.000,0.969907
712.000,0.969960
713.000,0.970012
714.000,0.970065
715.000,0.970116
716.000,0.970168
717.000,0.970219
718.000,0.970270
719.000,0.970321
720.000,0.970371
721.000,0.970421
722.000,0.970470
723.000,0.970520
724.000,0.970569
725.000,0.970617
726.000,0.970666
727.000,0.970714
728.000,0.970761
729.000,0.970809
730.000,0.970856
731.000,0.970903
732.000,0.970949
733.000,0.970995
734.000,0.971041
735.000,0.971087
736.000,0.971132
737.000,0.971177
738.000,0.971222
739.000,0.971266
740.000,0.971310
741.000,0.971354
742.000,0.971398
743.000,0.971441
744.000,0.971484
745.000,0.971527
746.000,0.971570
747.000,0.971612
748.000,0.971654
749.000,0.971696
750.000,0.971737
751.000,0.971779
752.000,0.971820
753.000,0.971860
754.000,0.971901
755.000,0.971941
756.000,0.971981
757.000,0.972021
758.000,0.972061
759.000,0.972100
760.000,0.972139
761.000,0.972178
762.000,0.972217
763.000,0.972255
764.000,0.972293
765.000,0.972331
766.000,0.972369
767.000,0.972406
768.000,0.972444
769.000,0.972481
770.000,0.972517
771.000,0.972554
772.000,0.972590
773.000,0.972627
774.000,0.972663
775.000,0.972698
776.000,0.972734
777.000,0.972769
778.000,0.972805
779.000,0.972840
780.000,0.972874
781.000,0.972909
782.000,0.972943
783.000,0.972978
784.000,0.973012
785.000,0.973045
786.000,0.973079
787.000,0.973113
788.000,0.973146
789.000,0.973179
790.000,0.973212
791.000,0.973245
792.000,0.973277
793.000,0.973309
794.000,0.973342
795.000,0.973374
796.000,0.973405
797.000,0.973437
798.000,0.973469
799.000,0.973500
800.000,0.973531
801.000,0.973562
802.000,0.973593
803.000,0.973623
804.000,0.973654
805.000,0.973684
806.000,0.973714
807.000,0.973744
808.000,0.973774
809.000,0.973803
810.000,0.973833
811.000,0.973862
812.000,0.973891
813.000,0.973920
814.000,0.973949
815.000,0.973978
816.000,0.974006
817.000,0.974035
818.000,0.974063
819.000,0.974091
820.000,0.974119
821.000,0.974147
822.000,0.974174
823.000,0.974202
824.000,0.974229
825.000,0.974256
826.000,0.974284
827.000,0.974311
828.000,0.974337
829.000,0.974364
830.000,0.974391
831.000,0.974417
832.000,0.974443
833.000,0.974470
834.000,0.974496
835.000,0.974521
836.000,0.974547
837.000,0.974573
838.000,0.974598
839.000,0.974624
840.000,0.974649
841.000,0.974674
842.000,0.974699
843.000,0.974724
844.000,0.974749
845.000,0.974773
846.000,0.974798
847.000,0.974822
848.000,0.974846
849.000,0.974870
850.000,0.974894
851.000,0.974918
852.000,0.974942
853.000,0.974966
854.000,0.974989
855.000,0.975013
856.000,0.975036
857.000,0.975059
858.000,0.975082
859.000,0.975105
860.000,0.975128
861.000,0.975151
862.000,0.975173
863.000,0.975196
864.000,0.975218
865.000,0.975241
866.000,0.975263
867.000,0.975285
868.000,0.975307
869.000,0.975329
870.000,0.975351
871.000,0.975372
872.000,0.975394
873.000,0.975415
874.000,0.975437
875.000,0.975458
876.000,0.975479
877.000,0.975500
878.000,0.975521
879.000,0.975542
880.000,0.975563
881.000,0.975584
882.000,0.975604
883.000,0.975625
884.000,0.975645
885.000,0.975666
886.000,0.975686
887.000,0.975706
888.000,0.975726
889.000,0.975746
890.000,0.975766
891.000,0.975786
892.000,0.975805
893.000,0.975825
894.000,0.975844
895.000,0.975864
896.000,0.975883
897.000,0.975902
898.000,0.975921
899.000,0.975940
900.000,0.975959
901.000,0.975978
902.000,0.975997
903.000,0.976016
904.000,0.976034
905.000,0.976053
906.000,0.976071
907.000,0.976090
908.000,0.976108
909.000,0.976126
910.000,0.976144
911.000,0.976162
912.000,0.976180
913.000,0.976198
914.000,0.976216
915.000,0.976234
916.000,0.976251
917.000,0.976269
918.000,0.976286
919.000,0.976304
920.000,0.976321
921.000,0.976338
922.000,0.976356
923.000,0.976373
924.000,0.976390
925.000,0.976407
926.000,0.976424
927.000,0.976441
928.000,0.976457
929.000,0.976474
930.000,0.976491
931.000,0.976507
932.000,0.976524
933.000,0.976540
934.000,0.976557
935.000,0.976573
936.000,0.976589
937.000,0.976605
938.000,0.976621
939.000,0.976637
940.000,0.976653
941.000,0.976669
942.000,0.976685
943.000,0.976701
944.000,0.976716
945.000,0.976732
946.000,0.976747
947.000,0.976763
948.000,0.976778
949.000,0.976794
950.000,0.976809
951.000,0.976824
952.000,0.976839
953.000,0.976854
954.000,0.976869
955.000,0.976884
956.000,0.976899
957.000,0.976914
958.000,0.976929
959.000,0.976944
960.000,0.976958
961.000,0.976973
962.000,0.976987
963.000,0.977002
964.000,0.977016
965.000,0.977031
966.000,0.977045
967.000,0.977059
968.000,0.977073
969.000,0.977088
970.000,0.977102
971.000,0.977116
972.000,0.977130
973.000,0.977144
974.000,0.977158
975.000,0.977171
976.000,0.977185
977.000,0.977199
978.000,0.977212
979.000,0.977226
980.000,0.977239
981.000,0.977253
982.000,0.977266
983.000,0.977280
984.000,0.977293
985.000,0.977306
986.000,0.977319
987.000,0.977333
988.000,0.977346
989.000,0.977359
990.000,0.977372
991.000,0.977385
992.000,0.977398
993.000,0.977410
994.000,0.977423
995.000,0.977436
996.000,0.977449
997.000,0.977461
998.000,0.977474
999.000,0.977486
1000.000,0.977499
1001.000,0.977511
1002.000,0.977524
1003.000,0.977536
1004.000,0.977548
1005.000,0.977561
1006.000,0.977573
1007.000,0.977585
1008.000,0.977597
1009.000,0.977609
1010.000,0.977621
1011.000,0.977633
1012.000,0.977645
1013.000,0.977657
1014.000,0.977669
1015.000,0.977681
1016.000,0.977693
1017.000,0.977705
1018.000,0.977716
1019.000,0.977728
1020.000,0.977740
1021.000,0.977751
1022.000,0.977763
1023.000,0.977774
1024.000,0.977786
1025.000,0.977797
1026.000,0.977808
1027.000,0.977820
1028.000,0.977831
1029.000,0.977842
1030.000,0.977853
1031.000,0.977864
1032.000,0.977875
1033.000,0.977886
1034.000,0.977897
1035.000,0.977908
1036.000,0.977919
1037.000,0.977930
1038.000,0.977941
1039.000,0.977952
1040.000,0.977963
1041.000,0.977973
1042.000,0.977984
1043.000,0.977995
1044.000,0.978005
1045.000,0.978016
1046.000,0.978027
1047.000,0.978037
1048.000,0.978047
1049.000,0.978058
1050.000,0.978068
1051.000,0.978079
1052.000,0.978089
1053.000,0.978099
1054.000,0.978109
1055.000,0.978120
1056.000,0.978130
1057.000,0.978140
1058.000,0.978150
1059.000,0.978160
1060.000,0.978170
1061.000,0.978180
1062.000,0.978190
1063.000,0.978200
1064.000,0.978210
1065.000,0.978220
1066.000,0.978230
1067.000,0.978239
1068.000,0.978249
1069.000,0.978259
1070.000,0.978269
1071.000,0.978278
1072.000,0.978288
1073.000,0.978297
1074.000,0.978307
1075.000,0.978316
1076.000,0.978326
1077.000,0.978335
1078.000,0.978345
1079.000,0.978354
1080.000,0.978363
1081.000,0.978373
1082.000,0.978382
1083.000,0.978391
1084.000,0.978400
1085.000,0.978410
1086.000,0.978419
1087.000,0.978428
1088.000,0.978437
1089.000,0.978446
1090.000,0.978455
1091.000,0.978464
1092.000,0.978473
1093.000,0.978482
1094.000,0.978491
1095.000,0.978500
1096.000,0.978509
1097.000,0.978518
1098.000,0.978526
1099.000,0.978535
1100.000,0.978544
1101.000,0.978553
1102.000,0.978561
1103.000,0.978570
1104.000,0.978579
1105.000,0.978587
1106.000,0.978596
1107.000,0.978604
1108.000,0.978613
1109.000,0.978621
1110.000,0.978630
1111.000,0.978638
1112.000,0.978646
1113.000,0.978655
1114.000,0.978663
1115.000,0.978671
1116.000,0.978680
1117.000,0.978688
1118.000,0.978696
1119.000,0.978704
1120.000,0.978712
1121.000,0.978721
1122.000,0.978729
1123.000,0.978737
1124.000,0.978745
1125.000,0.978753
1126.000,0.978761
1127.000,0.978769
1128.000,0.978777
1129.000,0.978785
1130.000,0.978793
1131.000,0.978801
1132.000,0.978808
1133.000,0.978816
1134.000,0.978824
1135.000,0.978832
1136.000,0.978840
1137.000,0.978847
1138.000,0.978855
1139.000,0.978863
1140.000,0.978870
1141.000,0.978878
1142.000,0.978886
1143.000,0.978893
1144.000,0.978901
1145.000,0.978908
1146.000,0.978916
1147.000,0.978923
1148.000,0.978931
1149.000,0.978938
1150.000,0.978946
1151.000,0.978953
1152.000,0.978960
1153.000,0.978968
1154.000,0.978975
1155.000,0.978982
1156.000,0.978990
1157.000,0.978997
1158.000,0.979004
1159.000,0.979011
1160.000,0.979019
1161.000,0.979026
1162.000,0.979033
1163.000,0.979040
1164.000,0.979047
1165.000,0.979054
1166.000,0.979061
1167.000,0.979068
1168.000,0.979075
1169.000,0.979082
1170.000,0.979089
1171.000,0.979096
1172.000,0.979103
1173.000,0.979110
1174.000,0.979117
1175.000,0.979123
1176.000,0.979130
1177.000,0.979137
1178.000,0.979144
1179.000,0.979151
1180.000,0.979157
1181.000,0.979164
1182.000,0.979171
1183.000,0.979178
1184.000,0.979184
1185.000,0.979191
1186.000,0.979198
1187.000,0.979204
1188.000,0.979211
1189.000,0.979217
1190.000,0.979224
1191.000,0.979230
1192.000,0.979237
1193.000,0.979243
1194.000,0.979250
1195.000,0.979256
1196.000,0.979263
1197.000,0.979269
1198.000,0.979275
1199.000,0.979282
1200.000,0.979288
1201.000,0.979294
1202.000,0.979301
1203.000,0.979307
1204.000,0.979313
1205.000,0.979320
1206.000,0.979326
1207.000,0.979332
1208.000,0.979338
1209.000,0.979344
1210.000,0.979351
1211.000,0.979357
1212.000,0.979363
1213.000,0.979369
1214.000,0.979375
1215.000,0.979381
1216.000,0.979387
1217.000,0.979393
1218.000,0.979399
1219.000,0.979405
1220.000,0.979411
1221.000,0.979417
1222.000,0.979423
1223.000,0.979429
1224.000,0.979435
1225.000,0.979441
1226.000,0.979447
1227.000,0.979453
1228.000,0.979458
1229.000,0.979464
1230.000,0.979470
1231.000,0.979476
1232.000,0.979482
1233.000,0.979487
1234.000,0.979493
1235.000,0.979499
1236.000,0.979505
1237.000,0.979510
1238.000,0.979516
1239.000,0.979522
1240.000,0.979527
1241.000,0.979533
1242.000,0.979539
1243.000,0.979544
1244.000,0.979550
1245.000,0.979555
1246.000,0.979561
1247.000,0.979566
1248.000,0.979572
1249.000,0.979577
1250.000,0.979583
1251.000,0.979588
1252.000,0.979594
1253.000,0.979599
1254.000,0.979605
1255.000,0.979610
1256.000,0.979616
1257.000,0.979621
1258.000,0.979626
1259.000,0.979632
1260.000,0.979637
1261.000,0.979642
1262.000,0.979648
1263.000,0.979653
1264.000,0.979658
1265.000,0.979663
1266.000,0.979669
1267.000,0.979674
1268.000,0.979679
1269.000,0.979684
1270.000,0.979689
1271.000,0.979695
1272.000,0.979700
1273.000,0.979705
1274.000,0.979710
1275.000,0.979715
1276.000,0.979720
1277.000,0.979725
1278.000,0.979730
1279.000,0.979735
1280.000,0.979740
1281.000,0.979745
1282.000,0.979750
1283.000,0.979755
1284.000,0.979760
1285.000,0.979765
1286.000,0.979770
1287.000,0.979775
1288.000,0.979780
1289.000,0.979785
1290.000,0.979790
1291.000,0.979795
1292.000,0.979800
1293.000,0.979805
1294.000,0.979809
1295.000,0.979814
1296.000,0.979819
1297.000,0.979824
1298.000,0.979829
1299.000,0.979834
1300.000,0.979838
1301.000,0.979843
1302.000,0.979848
1303.000,0.979853
1304.000,0.979857
1305.000,0.979862
1306.000,0.979867
1307.000,0.979871
1308.000,0.979876
1309.000,0.979881
1310.000,0.979885
1311.000,0.979890
1312.000,0.979894
1313.000,0.979899
1314.000,0.979904
1315.000,0.979908
1316.000,0.979913
1317.000,0.979917
1318.000,0.979922
1319.000,0.979927
1320.000,0.979931
1321.000,0.979936
1322.000,0.979940
1323.000,0.979945
1324.000,0.979949
1325.000,0.979953
1326.000,0.979958
1327.000,0.979962
1328.000,0.979967
1329.000,0.979971
1330.000,0.979976
1331.000,0.979980
1332.000,0.979984
1333.000,0.979989
1334.000,0.979993
1335.000,0.979997
1336.000,0.980002
1337.000,0.980006
1338.000,0.980010
1339.000,0.980015
1340.000,0.980019
1341.000,0.980023
1342.000,0.980028
1343.000,0.980032
1344.000,0.980036
1345.000,0.980040
1346.000,0.980044
1347.000,0.980049
1348.000,0.980053
1349.000,0.980057
1350.000,0.980061
1351.000,0.980065
1352.000,0.980069
1353.000,0.980074
1354.000,0.980078
1355.000,0.980082
1356.000,0.980086
1357.000,0.980090
1358.000,0.980094
1359.000,0.980098
1360.000,0.980102
1361.000,0.980106
1362.000,0.980110
1363.000,0.980115
1364.000,0.980119
1365.000,0.980123
1366.000,0.980127
1367.000,0.980131
1368.000,0.980135
1369.000,0.980139
1370.000,0.980143
1371.000,0.980147
1372.000,0.980150
1373.000,0.980154
1374.000,0.980158
1375.000,0.980162
1376.000,0.980166
1377.000,0.980170
1378.000,0.980174
1379.000,0.980178
1380.000,0.980182
1381.000,0.980185
1382.000,0.980189
1383.000,0.980193
1384.000,0.980197
1385.000,0.980201
1386.000,0.980205
1387.000,0.980208
1388.000,0.980212
1389.000,0.980216
1390.000,0.980220
1391.000,0.980223
1392.000,0.980227
1393.000,0.980231
1394.000,0.980235
1395.000,0.980238
1396.000,0.980242
1397.000,0.980246
1398.000,0.980249
1399.000,0.980253
1400.000,0.980257
1401.000,0.980261
1402.000,0.980264
1403.000,0.980268
1404.000,0.980271
1405.000,0.980275
1406.000,0.980279
1407.000,0.980282
1408.000,0.980286
1409.000,0.980290
1410.000,0.980293
1411.000,0.980297
1412.000,0.980300
1413.000,0.980304
1414.000,0.980307
1415.000,0.980311
1416.000,0.980314
1417.000,0.980318
1418.000,0.980321
1419.000,0.980325
1420.000,0.980329
1421.000,0.980332
1422.000,0.980336
1423.000,0.980339
1424.000,0.980342
1425.000,0.980346
1426.000,0.980349
1427.000,0.980353
1428.000,0.980356
1429.000,0.980360
1430.000,0.980363
1431.000,0.980366
1432.000,0.980370
1433.000,0.980373
1434.000,0.980376
1435.000,0.980380
1436.000,0.980383
1437.000,0.980387
1438.000,0.980390
1439.000,0.980393
1440.000,0.980397
1441.000,0.980400
1442.000,0.980403
1443.000,0.980407
1444.000,0.980410
1445.000,0.980413
1446.000,0.980417
1447.000,0.980420
1448.000,0.980423
1449.000,0.980426
1450.000,0.980430
1451.000,0.980433
1452.000,0.980436
1453.000,0.980439
1454.000,0.980442
1455.000,0.980446
1456.000,0.980449
1457.000,0.980452
1458.000,0.980455
1459.000,0.980458
1460.000,0.980462
1461.000,0.980465
1462.000,0.980468
1463.000,0.980471
1464.000,0.980474
1465.000,0.980477
1466.000,0.980480
1467.000,0.980484
1468.000,0.980487
1469.000,0.980490
1470.000,0.980493
1471.000,0.980496
1472.000,0.980499
1473.000,0.980502
1474.000,0.980505
1475.000,0.980508
1476.000,0.980511
1477.000,0.980514
1478.000,0.980517
1479.000,0.980521
1480.000,0.980524
1481.000,0.980527
1482.000,0.980530
1483.000,0.980533
1484.000,0.980536
1485.000,0.980539
1486.000,0.980542
1487.000,0.980545
1488.000,0.980548
1489.000,0.980551
1490.000,0.980553
1491.000,0.980556
1492.000,0.980559
1493.000,0.980562
1494.000,0.980565
1495.000,0.980568
1496.000,0.980571
1497.000,0.980574
1498.000,0.980577
1499.000,0.980580
1500.000,0.980583
1501.000,0.980585
1502.000,0.980588
1503.000,0.980591
1504.000,0.980594
1505.000,0.980597
1506.000,0.980600
1507.000,0.980603
1508.000,0.980606
1509.000,0.980608
1510.000,0.980611
1511.000,0.980614
1512.000,0.980617
1513.000,0.980620
1514.000,0.980622
1515.000,0.980625
1516.000,0.980628
1517.000,0.980631
1518.000,0.980634
1519.000,0.980636
1520.000,0.980639
1521.000,0.980642
1522.000,0.980645
1523.000,0.980647
1524.000,0.980650
1525.000,0.980653
1526.000,0.980655
1527.000,0.980658
1528.000,0.980661
1529.000,0.980664
1530.000,0.980666
1531.000,0.980669
1532.000,0.980672
1533.000,0.980674
1534.000,0.980677
1535.000,0.980680
1536.000,0.980682
1537.000,0.980685
1538.000,0.980688
1539.000,0.980690
1540.000,0.980693
1541.000,0.980696
1542.000,0.980698
1543.000,0.980701
1544.000,0.980703
1545.000,0.980706
1546.000,0.980709
1547.000,0.980711
1548.000,0.980714
1549.000,0.980716
1550.000,0.980719
1551.000,0.980722
1552.000,0.980724
1553.000,0.980727
1554.000,0.980729
1555.000,0.980732
1556.000,0.980734
1557.000,0.980737
1558.000,0.980739
1559.000,0.980742
1560.000,0.980745
1561.000,0.980747
1562.000,0.980750
1563.000,0.980752
1564.000,0.980755
1565.000,0.980757
1566.000,0.980760
1567.000,0.980762
1568.000,0.980764
1569.000,0.980767
1570.000,0.980769
1571.000,0.980772
1572.000,0.980774
1573.000,0.980777
1574.000,0.980779
1575.000,0.980782
1576.000,0.980784
1577.000,0.980787
1578.000,0.980789
1579.000,0.980791
1580.000,0.980794
1581.000,0.980796
1582.000,0.980799
1583.000,0.980801
1584.000,0.980803
1585.000,0.980806
1586.000,0.980808
1587.000,0.980811
1588.000,0.980813
1589.000,0.980815
1590.000,0.980818
1591.000,0.980820
1592.000,0.980822
1593.000,0.980825
1594.000,0.980827
1595.000,0.980829
1596.000,0.980832
1597.000,0.980834
1598.000,0.980836
1599.000,0.980839
1600.000,0.980841
1601.000,0.980843
1602.000,0.980846
1603.000,0.980848
1604.000,0.980850
1605.000,0.980852
1606.000,0.980855
1607.000,0.980857
1608.000,0.980859
1609.000,0.980862
1610.000,0.980864
1611.000,0.980866
1612.000,0.980868
1613.000,0.980871
1614.000,0.980873
1615.000,0.980875
1616.000,0.980877
1617.000,0.980880
1618.000,0.980882
1619.000,0.980884
1620.000,0.980886
1621.000,0.980888
1622.000,0.980891
1623.000,0.980893
1624.000,0.980895
1625.000,0.980897
1626.000,0.980899
1627.000,0.980902
1628.000,0.980904
1629.000,0.980906
1630.000,0.980908
1631.000,0.980910
1632.000,0.980912
1633.000,0.980915
1634.000,0.980917
1635.000,0.980919
1636.000,0.980921
1637.000,0.980923
1638.000,0.980925
1639.000,0.980927
1640.000,0.980929
1641.000,0.980932
1642.000,0.980934
1643.000,0.980936
1644.000,0.980938
1645.000,0.980940
1646.000,0.980942
1647.000,0.980944
1648.000,0.980946
1649.000,0.980948
1650.000,0.980951
1651.000,0.980953
1652.000,0.980955
1653.000,0.980957
1654.000,0.980959
1655.000,0.980961
1656.000,0.980963
1657.000,0.980965
1658.000,0.980967
1659.000,0.980969
1660.000,0.980971
1661.000,0.980973
1662.000,0.980975
1663.000,0.980977
1664.000,0.980979
1665.000,0.980981
1666.000,0.980983
1667.000,0.980985
1668.000,0.980987
1669.000,0.980989
1670.000,0.980991
1671.000,0.980993
1672.000,0.980995
1673.000,0.980997
1674.000,0.980999
1675.000,0.981001
1676.000,0.981003
1677.000,0.981005
1678.000,0.981007
1679.000,0.981009
1680.000,0.981011
1681.000,0.981013
1682.000,0.981015
1683.000,0.981017
1684.000,0.981019
1685.000,0.981021
1686.000,0.981023
1687.000,0.981024
1688.000,0.981026
1689.000,0.981028
1690.000,0.981030
1691.000,0.981032
1692.000,0.981034
1693.000,0.981036
1694.000,0.981038
1695.000,0.981040
1696.000,0.981042
1697.000,0.981043
1698.000,0.981045
1699.000,0.981047
1700.000,0.981049
1701.000,0.981051
1702.000,0.981053
1703.000,0.981055
1704.000,0.981057
1705.000,0.981058
1706.000,0.981060
1707.000,0.981062
1708.000,0.981064
1709.000,0.981066
1710.000,0.981068
1711.000,0.981069
1712.000,0.981071
1713.000,0.981073
1714.000,0.981075
1715.000,0.981077
1716.000,0.981079
1717.000,0.981080
1718.000,0.981082
1719.000,0.981084
1720.000,0.981086
1721.000,0.981088
1722.000,0.981089
1723.000,0.981091
1724.000,0.981093
1725.000,0.981095
1726.000,0.981097
1727.000,0.981098
1728.000,0.981100
1729.000,0.981102
1730.000,0.981104
1731.000,0.981105
1732.000,0.981107
1733.000,0.981109
1734.000,0.981111
1735.000,0.981112
1736.000,0.981114
1737.000,0.981116
1738.000,0.981118
1739.000,0.981119
1740.000,0.981121
1741.000,0.981123
1742.000,0.981124
1743.000,0.981126
1744.000,0.981128
1745.000,0.981130
1746.000,0.981131
1747.000,0.981133
1748.000,0.981135
1749.000,0.981136
1750.000,0.981138
1751.000,0.981140
1752.000,0.981142
1753.000,0.981143
1754.000,0.981145
1755.000,0.981147
1756.000,0.981148
1757.000,0.981150
1758.000,0.981152
1759.000,0.981153
1760.000,0.981155
1761.000,0.981157
1762.000,0.981158
1763.000,0.981160
1764.000,0.981162
1765.000,0.981163
1766.000,0.981165
1767.000,0.981166
1768.000,0.981168
1769.000,0.981170
1770.000,0.981171
1771.000,0.981173
1772.000,0.981175
1773.000,0.981176
1774.000,0.981178
1775.000,0.981179
1776.000,0.981181
1777.000,0.981183
1778.000,0.981184
1779.000,0.981186
1780.000,0.981187
1781.000,0.981189
1782.000,0.981191
1783.000,0.981192
1784.000,0.981194
1785.000,0.981196
1786.000,0.981197
1787.000,0.981199
1788.000,0.981200
1789.000,0.981202
1790.000,0.981203
1791.000,0.981205
1792.000,0.981206
1793.000,0.981208
1794.000,0.981210
1795.000,0.981211
1796.000,0.981213
1797.000,0.981214
1798.000,0.981216
1799.000,0.981217
1800.000,0.981219
1801.000,0.981220
1802.000,0.981222
1803.000,0.981223
1804.000,0.981225
1805.000,0.981226
1806.000,0.981228
1807.000,0.981229
1808.000,0.981231
1809.000,0.981233
1810.000,0.981234
1811.000,0.981236
1812.000,0.981237
1813.000,0.981239
1814.000,0.981240
1815.000,0.981242
1816.000,0.981243
1817.000,0.981244
1818.000,0.981246
1819.000,0.981247
1820.000,0.981249
1821.000,0.981250
1822.000,0.981252
1823.000,0.981253
1824.000,0.981255
1825.000,0.981256
1826.000,0.981258
1827.000,0.981259
1828.000,0.981261
1829.000,0.981262
1830.000,0.981264
1831.000,0.981265
1832.000,0.981266
1833.000,0.981268
1834.000,0.981269
1835.000,0.981271
1836.000,0.981272
1837.000,0.981274
1838.000,0.981275
1839.000,0.981276
1840.000,0.981278
1841.000,0.981279
1842.000,0.981281
1843.000,0.981282
1844.000,0.981284
1845.000,0.981285
1846.000,0.981286
1847.000,0.981288
1848.000,0.981289
1849.000,0.981291
1850.000,0.981292
1851.000,0.981293
1852.000,0.981295
1853.000,0.981296
1854.000,0.981298
1855.000,0.981299
1856.000,0.981300
1857.000,0.981302
1858.000,0.981303
1859.000,0.981304
1860.000,0.981306
1861.000,0.981307
1862.000,0.981309
1863.000,0.981310
1864.000,0.981311
1865.000,0.981313
1866.000,0.981314
1867.000,0.981315
1868.000,0.981317
1869.000,0.981318
1870.000,0.981319
1871.000,0.981321
1872.000,0.981322
1873.000,0.981324
1874.000,0.981325
1875.000,0.981326
1876.000,0.981328
1877.000,0.981329
1878.000,0.981330
1879.000,0.981332
1880.000,0.981333
1881.000,0.981334
1882.000,0.981335
1883.000,0.981337
1884.000,0.981338
1885.000,0.981339
1886.000,0.981341
1887.000,0.981342
1888.000,0.981343
1889.000,0.981345
1890.000,0.981346
1891.000,0.981347
1892.000,0.981348
1893.000,0.981350
1894.000,0.981351
1895.000,0.981352
1896.000,0.981354
1897.000,0.981355
1898.000,0.981356
1899.000,0.981357
1900.000,0.981359
1901.000,0.981360
1902.000,0.981361
1903.000,0.981362
1904.000,0.981364
1905.000,0.981365
1906.000,0.981366
1907.000,0.981367
1908.000,0.981369
1909.000,0.981370
1910.000,0.981371
1911.000,0.981372
1912.000,0.981374
1913.000,0.981375
1914.000,0.981376
1915.000,0.981377
1916.000,0.981379
1917.000,0.981380
1918.000,0.981381
1919.000,0.981382
1920.000,0.981384
1921.000,0.981385
1922.000,0.981386
1923.000,0.981387
1924.000,0.981389
1925.000,0.981390
1926.000,0.981391
1927.000,0.981392
1928.000,0.981393
1929.000,0.981395
1930.000,0.981396
1931.000,0.981397
1932.000,0.981398
1933.000,0.981399
1934.000,0.981401
1935.000,0.981402
1936.000,0.981403
1937.000,0.981404
1938.000,0.981405
1939.000,0.981407
1940.000,0.981408
1941.000,0.981409
1942.000,0.981410
1943.000,0.981411
1944.000,0.981412
1945.000,0.981414
1946.000,0.981415
1947.000,0.981416
1948.000,0.981417
1949.000,0.981418
1950.000,0.981419
1951.000,0.981421
1952.000,0.981422
1953.000,0.981423
1954.000,0.981424
1955.000,0.981425
1956.000,0.981426
1957.000,0.981427
1958.000,0.981429
1959.000,0.981430
1960.000,0.981431
1961.000,0.981432
1962.000,0.981433
1963.000,0.981434
1964.000,0.981435
1965.000,0.981437
1966.000,0.981438
1967.000,0.981439
1968.000,0.981440
1969.000,0.981441
1970.000,0.981442
1971.000,0.981443
1972.000,0.981444
1973.000,0.981446
1974.000,0.981447
1975.000,0.981448
1976.000,0.981449
1977.000,0.981450
1978.000,0.981451
1979.000,0.981452
1980.000,0.981453
1981.000,0.981454
1982.000,0.981455
1983.000,0.981457
1984.000,0.981458
1985.000,0.981459
1986.000,0.981460
1987.000,0.981461
1988.000,0.981462
1989.000,0.981463
1990.000,0.981464
1991.000,0.981465
1992.000,0.981466
1993.000,0.981467
1994.000,0.981469
1995.000,0.981470
1996.000,0.981471
1997.000,0.981472
1998.000,0.981473
1999.000,0.981474
2000.000,0.981475
2001.000,0.981476
2002.000,0.981477
2003.000,0.981478
2004.000,0.981479
2005.000,0.981480
2006.000,0.981481
2007.000,0.981482
2008.000,0.981483
2009.000,0.981484
2010.000,0.981485
2011.000,0.981486
2012.000,0.981487
2013.000,0.981489
2014.000,0.981490
2015.000,0.981491
2016.000,0.981492
2017.000,0.981493
2018.000,0.981494
2019.000,0.981495
2020.000,0.981496
2021.000,0.981497
2022.000,0.981498
2023.000,0.981499
2024.000,0.981500
2025.000,0.981501
2026.000,0.981502
2027.000,0.981503
2028.000,0.981504
2029.000,0.981505
2030.000,0.981506
2031.000,0.981507
2032.000,0.981508
2033.000,0.981509
2034.000,0.981510
2035.000,0.981511
2036.000,0.981512
2037.000,0.981513
2038.000,0.981514
2039.000,0.981515
2040.000,0.981516
2041.000,0.981517
2042.000,0.981518
2043.000,0.981519
2044.000,0.981520
2045.000,0.981521
2046.000,0.981522
2047.000,0.981523
2048.000,0.981524
2049.000,0.981525
2050.000,0.981526
2051.000,0.981527
2052.000,0.981528
2053.000,0.981529
2054.000,0.981530
2055.000,0.981531
2056.000,0.981532
2057.000,0.981532
2058.000,0.981533
2059.000,0.981534
2060.000,0.981535
2061.000,0.981536
2062.000,0.981537
2063.000,0.981538
2064.000,0.981539
2065.000,0.981540
2066.000,0.981541
2067.000,0.981542
2068.000,0.981543
2069.000,0.981544
2070.000,0.981545
2071.000,0.981546
2072.000,0.981547
2073.000,0.981548
2074.000,0.981548
2075.000,0.981549
2076.000,0.981550
2077.000,0.981551
2078.000,0.981552
2079.000,0.981553
2080.000,0.981554
2081.000,0.981555
2082.000,0.981556
2083.000,0.981557
2084.000,0.981558
2085.000,0.981559
2086.000,0.981560
2087.000,0.981561
2088.000,0.981561
2089.000,0.981562
2090.000,0.981563
2091.000,0.981564
2092.000,0.981565
2093.000,0.981566
2094.000,0.981567
2095.000,0.981568
2096.000,0.981569
2097.000,0.981570
2098.000,0.981570
2099.000,0.981571
2100.000,0.981572
2101.000,0.981573
2102.000,0.981574
2103.000,0.981575
2104.000,0.981576
2105.000,0.981577
2106.000,0.981577
2107.000,0.981578
2108.000,0.981579
2109.000,0.981580
2110.000,0.981581
2111.000,0.981582
2112.000,0.981583
2113.000,0.981584
2114.000,0.981584
2115.000,0.981585
2116.000,0.981586
2117.000,0.981587
2118.000,0.981588
2119.000,0.981589
2120.000,0.981590
2121.000,0.981591
2122.000,0.981591
2123.000,0.981592
2124.000,0.981593
2125.000,0.981594
2126.000,0.981595
2127.000,0.981596
2128.000,0.981597
2129.000,0.981597
2130.000,0.981598
2131.000,0.981599
2132.000,0.981600
2133.000,0.981601
2134.000,0.981602
2135.000,0.981602
2136.000,0.981603
2137.000,0.981604
2138.000,0.981605
2139.000,0.981606
2140.000,0.981607
2141.000,0.981607
2142.000,0.981608
2143.000,0.981609
2144.000,0.981610
2145.000,0.981611
2146.000,0.981612
2147.000,0.981612
2148.000,0.981613
2149.000,0.981614
2150.000,0.981615
2151.000,0.981616
2152.000,0.981617
2153.000,0.981617
2154.000,0.981618
2155.000,0.981619
2156.000,0.981620
2157.000,0.981620
2158.000,0.981621
2159.000,0.981622
2160.000,0.981623
2161.000,0.981624
2162.000,0.981624
2163.000,0.981625
2164.000,0.981626
2165.000,0.981627
2166.000,0.981628
2167.000,0.981628
2168.000,0.981629
2169.000,0.981630
2170.000,0.981631
2171.000,0.981632
2172.000,0.981632
2173.000,0.981633
2174.000,0.981634
2175.000,0.981635
2176.000,0.981636
2177.000,0.981636
2178.000,0.981637
2179.000,0.981638
2180.000,0.981639
2181.000,0.981639
2182.000,0.981640
2183.000,0.981641
2184.000,0.981642
2185.000,0.981643
2186.000,0.981643
2187.000,0.981644
2188.000,0.981645
2189.000,0.981646
2190.000,0.981646
2191.000,0.981647
2192.000,0.981648
2193.000,0.981649
2194.000,0.981649
2195.000,0.981650
2196.000,0.981651
2197.000,0.981652
2198.000,0.981652
2199.000,0.981653
2200.000,0.981654
2201.000,0.981655
2202.000,0.981655
2203.000,0.981656
2204.000,0.981657
2205.000,0.981658
2206.000,0.981658
2207.000,0.981659
2208.000,0.981660
2209.000,0.981661
2210.000,0.981661
2211.000,0.981662
2212.000,0.981663
2213.000,0.981664
2214.000,0.981664
2215.000,0.981665
2216.000,0.981666
2217.000,0.981667
2218.000,0.981667
2219.000,0.981668
2220.000,0.981669
2221.000,0.981669
2222.000,0.981670
2223.000,0.981671
2224.000,0.981672
2225.000,0.981672
2226.000,0.981673
2227.000,0.981674
2228.000,0.981674
2229.000,0.981675
2230.000,0.981676
2231.000,0.981677
2232.000,0.981677
2233.000,0.981678
2234.000,0.981679
2235.000,0.981679
2236.000,0.981680
2237.000,0.981681
2238.000,0.981682
2239.000,0.981682
2240.000,0.981683
2241.000,0.981684
2242.000,0.981684
2243.000,0.981685
2244.000,0.981686
2245.000,0.981687
2246.000,0.981687
2247.000,0.981688
2248.000,0.981689
2249.000,0.981689
2250.000,0.981690
2251.000,0.981691
2252.000,0.981691
2253.000,0.981692
2254.000,0.981693
2255.000,0.981693
2256.000,0.981694
2257.000,0.981695
2258.000,0.981695
2259.000,0.981696
2260.000,0.981697
2261.000,0.981697
2262.000,0.981698
2263.000,0.981699
2264.000,0.981699
2265.000,0.981700
2266.000,0.981701
2267.000,0.981702
2268.000,0.981702
2269.000,0.981703
2270.000,0.981704
2271.000,0.981704
2272.000,0.981705
2273.000,0.981706
2274.000,0.981706
2275.000,0.981707
2276.000,0.981707
2277.000,0.981708
2278.000,0.981709
2279.000,0.981709
2280.000,0.981710
2281.000,0.981711
2282.000,0.981711
2283.000,0.981712
2284.000,0.981713
2285.000,0.981713
2286.000,0.981714
2287.000,0.981715
2288.000,0.981715
2289.000,0.981716
2290.000,0.981717
2291.000,0.981717
2292.000,0.981718
2293.000,0.981719
2294.000,0.981719
2295.000,0.981720
2296.000,0.981720
2297.000,0.981721
2298.000,0.981722
2299.000,0.981722
2300.000,0.981723
2301.000,0.981724
2302.000,0.981724
2303.000,0.981725
2304.000,0.981726
2305.000,0.981726
2306.000,0.981727
2307.000,0.981727
2308.000,0.981728
2309.000,0.981729
2310.000,0.981729
2311.000,0.981730
2312.000,0.981731
2313.000,0.981731
2314.000,0.981732
2315.000,0.981732
2316.000,0.981733
2317.000,0.981734
2318.000,0.981734
2319.000,0.981735
2320.000,0.981735
2321.000,0.981736
2322.000,0.981737
2323.000,0.981737
2324.000,0.981738
2325.000,0.981738
2326.000,0.981739
2327.000,0.981740
2328.000,0.981740
2329.000,0.981741
2330.000,0.981741
2331.000,0.981742
2332.000,0.981743
2333.000,0.981743
2334.000,0.981744
2335.000,0.981744
2336.000,0.981745
2337.000,0.981746
2338.000,0.981746
2339.000,0.981747
2340.000,0.981747
2341.000,0.981748
2342.000,0.981749
2343.000,0.981749
2344.000,0.981750
2345.000,0.981750
2346.000,0.981751
2347.000,0.981752
2348.000,0.981752
2349.000,0.981753
2350.000,0.981753
2351.000,0.981754
2352.000,0.981755
2353.000,0.981755
2354.000,0.981756
2355.000,0.981756
2356.000,0.981757
2357.000,0.981757
2358.000,0.981758
2359.000,0.981759
2360.000,0.981759
2361.000,0.981760
2362.000,0.981760
2363.000,0.981761
2364.000,0.981761
2365.000,0.981762
2366.000,0.981763
2367.000,0.981763
2368.000,0.981764
2369.000,0.981764
2370.000,0.981765
2371.000,0.981765
2372.000,0.981766
2373.000,0.981767
2374.000,0.981767
2375.000,0.981768
2376.000,0.981768
2377.000,0.981769
2378.000,0.981769
2379.000,0.981770
2380.000,0.981770
2381.000,0.981771
2382.000,0.981772
2383.000,0.981772
2384.000,0.981773
2385.000,0.981773
2386.000,0.981774
2387.000,0.981774
2388.000,0.981775
2389.000,0.981775
2390.000,0.981776
2391.000,0.981776
2392.000,0.981777
2393.000,0.981778
2394.000,0.981778
2395.000,0.981779
2396.000,0.981779
2397.000,0.981780
2398.000,0.981780
2399.000,0.981781
2400.000,0.981781
2401.000,0.981782
2402.000,0.981782
2403.000,0.981783
2404.000,0.981783
2405.000,0.981784
2406.000,0.981785
2407.000,0.981785
2408.000,0.981786
2409.000,0.981786
2410.000,0.981787
2411.000,0.981787
2412.000,0.981788
2413.000,0.981788
2414.000,0.981789
2415.000,0.981789
2416.000,0.981790
2417.000,0.981790
2418.000,0.981791
2419.000,0.981791
2420.000,0.981792
2421.000,0.981792
2422.000,0.981793
2423.000,0.981793
2424.000,0.981794
2425.000,0.981794
2426.000,0.981795
2427.000,0.981795
2428.000,0.981796
2429.000,0.981796
2430.000,0.981797
2431.000,0.981797
2432.000,0.981798
2433.000,0.981799
2434.000,0.981799
2435.000,0.981800
2436.000,0.981800
2437.000,0.981801
2438.000,0.981801
2439.000,0.981802
2440.000,0.981802
2441.000,0.981803
2442.000,0.981803
2443.000,0.981804
2444.000,0.981804
2445.000,0.981805
2446.000,0.981805
2447.000,0.981806
2448.000,0.981806
2449.000,0.981807
2450.000,0.981807
2451.000,0.981807
2452.000,0.981808
2453.000,0.981808
2454.000,0.981809
2455.000,0.981809
2456.000,0.981810
2457.000,0.981810
2458.000,0.981811
2459.000,0.981811
2460.000,0.981812
2461.000,0.981812
2462.000,0.981813
2463.000,0.981813
2464.000,0.981814
2465.000,0.981814
2466.000,0.981815
2467.000,0.981815
2468.000,0.981816
2469.000,0.981816
2470.000,0.981817
2471.000,0.981817
2472.000,0.981818
2473.000,0.981818
2474.000,0.981819
2475.000,0.981819
2476.000,0.981820
2477.000,0.981820
2478.000,0.981820
2479.000,0.981821
2480.000,0.981821
2481.000,0.981822
2482.000,0.981822
2483.000,0.981823
2484.000,0.981823
2485.000,0.981824
2486.000,0.981824
2487.000,0.981825
2488.000,0.981825
2489.000,0.981826
2490.000,0.981826
2491.000,0.981826
2492.000,0.981827
2493.000,0.981827
2494.000,0.981828
2495.000,0.981828
2496.000,0.981829
2497.000,0.981829
2498.000,0.981830
2499.000,0.981830
2500.000,0.981831
2501.000,0.981831
2502.000,0.981831
2503.000,0.981832
2504.000,0.981832
2505.000,0.981833
2506.000,0.981833
2507.000,0.981834
2508.000,0.981834
2509.000,0.981835
2510.000,0.981835
2511.000,0.981835
2512.000,0.981836
2513.000,0.981836
2514.000,0.981837
2515.000,0.981837
2516.000,0.981838
2517.000,0.981838
2518.000,0.981839
2519.000,0.981839
2520.000,0.981839
2521.000,0.981840
2522.000,0.981840
2523.000,0.981841
2524.000,0.981841
2525.000,0.981842
2526.000,0.981842
2527.000,0.981843
2528.000,0.981843
2529.000,0.981843
2530.000,0.981844
2531.000,0.981844
2532.000,0.981845
2533.000,0.981845
2534.000,0.981846
2535.000,0.981846
2536.000,0.981846
2537.000,0.981847
2538.000,0.981847
2539.000,0.981848
2540.000,0.981848
2541.000,0.981848
2542.000,0.981849
2543.000,0.981849
2544.000,0.981850
2545.000,0.981850
2546.000,0.981850
2547.000,0.981851
2548.000,0.981851
2549.000,0.981852
2550.000,0.981852
2551.000,0.981853
2552.000,0.981853
2553.000,0.981853
2554.000,0.981854
2555.000,0.981854
2556.000,0.981855
2557.000,0.981855
2558.000,0.981856
2559.000,0.981856
2560.000,0.981856
2561.000,0.981857
2562.000,0.981857
2563.000,0.981858
2564.000,0.981858
2565.000,0.981858
2566.000,0.981859
2567.000,0.981859
2568.000,0.981860
2569.000,0.981860
2570.000,0.981860
2571.000,0.981861
2572.000,0.981861
2573.000,0.981862
2574.000,0.981862
2575.000,0.981862
2576.000,0.981863
2577.000,0.981863
2578.000,0.981864
2579.000,0.981864
2580.000,0.981864
2581.000,0.981865
2582.000,0.981865
2583.000,0.981866
2584.000,0.981866
2585.000,0.981866
2586.000,0.981867
2587.000,0.981867
2588.000,0.981867
2589.000,0.981868
2590.000,0.981868
2591.000,0.981869
2592.000,0.981869
2593.000,0.981869
2594.000,0.981870
2595.000,0.981870
2596.000,0.981871
2597.000,0.981871
2598.000,0.981871
2599.000,0.981872
2600.000,0.981872
2601.000,0.981872
2602.000,0.981873
2603.000,0.981873
2604.000,0.981874
2605.000,0.981874
2606.000,0.981874
2607.000,0.981875
2608.000,0.981875
2609.000,0.981875
2610.000,0.981876
2611.000,0.981876
2612.000,0.981877
2613.000,0.981877
2614.000,0.981877
2615.000,0.981878
2616.000,0.981878
2617.000,0.981878
2618.000,0.981879
2619.000,0.981879
2620.000,0.981880
2621.000,0.981880
2622.000,0.981880
2623.000,0.981881
2624.000,0.981881
2625.000,0.981881
2626.000,0.981882
2627.000,0.981882
2628.000,0.981883
2629.000,0.981883
2630.000,0.981883
2631.000,0.981884
2632.000,0.981884
2633.000,0.981884
2634.000,0.981885
2635.000,0.981885
2636.000,0.981885
2637.000,0.981886
2638.000,0.981886
2639.000,0.981886
2640.000,0.981887
2641.000,0.981887
2642.000,0.981888
2643.000,0.981888
2644.000,0.981888
2645.000,0.981889
2646.000,0.981889
2647.000,0.981889
2648.000,0.981890
2649.000,0.981890
2650.000,0.981890
2651.000,0.981891
2652.000,0.981891
2653.000,0.981891
2654.000,0.981892
2655.000,0.981892
2656.000,0.981892
2657.000,0.981893
2658.000,0.981893
2659.000,0.981893
2660.000,0.981894
2661.000,0.981894
2662.000,0.981894
2663.000,0.981895
2664.000,0.981895
2665.000,0.981895
2666.000,0.981896
2667.000,0.981896
2668.000,0.981896
2669.000,0.981897
2670.000,0.981897
2671.000,0.981897
2672.000,0.981898
2673.000,0.981898
2674.000,0.981898
2675.000,0.981899
2676.000,0.981899
2677.000,0.981899
2678.000,0.981900
2679.000,0.981900
2680.000,0.981900
2681.000,0.981901
2682.000,0.981901
2683.000,0.981901
2684.000,0.981902
2685.000,0.981902
2686.000,0.981902
2687.000,0.981903
2688.000,0.981903
2689.000,0.981903
2690.000,0.981904
2691.000,0.981904
2692.000,0.981904
2693.000,0.981905
2694.000,0.981905
2695.000,0.981905
2696.000,0.981906
2697.000,0.981906
2698.000,0.981906
2699.000,0.981907
2700.000,0.981907
2701.000,0.981907
2702.000,0.981908
2703.000,0.981908
2704.000,0.981908
2705.000,0.981908
2706.000,0.981909
2707.000,0.981909
2708.000,0.981909
2709.000,0.981910
2710.000,0.981910
2711.000,0.981910
2712.000,0.981911
2713.000,0.981911
2714.000,0.981911
2715.000,0.981912
2716.000,0.981912
2717.000,0.981912
2718.000,0.981913
2719.000,0.981913
2720.000,0.981913
2721.000,0.981913
2722.000,0.981914
2723.000,0.981914
2724.000,0.981914
2725.000,0.981915
2726.000,0.981915
2727.000,0.981915
2728.000,0.981916
2729.000,0.981916
2730.000,0.981916
2731.000,0.981916
2732.000,0.981917
2733.000,0.981917
2734.000,0.981917
2735.000,0.981918
2736.000,0.981918
2737.000,0.981918
2738.000,0.981919
2739.000,0.981919
2740.000,0.981919
2741.000,0.981919
2742.000,0.981920
2743.000,0.981920
2744.000,0.981920
2745.000,0.981921
2746.000,0.981921
2747.000,0.981921
2748.000,0.981921
2749.000,0.981922
2750.000,0.981922
2751.000,0.981922
2752.000,0.981923
2753.000,0.981923
2754.000,0.981923
2755.000,0.981923
2756.000,0.981924
2757.000,0.981924
2758.000,0.981924
2759.000,0.981925
2760.000,0.981925
2761.000,0.981925
2762.000,0.981925
2763.000,0.981926
2764.000,0.981926
2765.000,0.981926
2766.000,0.981927
2767.000,0.981927
2768.000,0.981927
2769.000,0.981927
2770.000,0.981928
2771.000,0.981928
2772.000,0.981928
2773.000,0.981929
2774.000,0.981929
2775.000,0.981929
2776.000,0.981929
2777.000,0.981930
2778.000,0.981930
2779.000,0.981930
2780.000,0.981930
2781.000,0.981931
2782.000,0.981931
2783.000,0.981931
2784.000,0.981932
2785.000,0.981932
2786.000,0.981932
2787.000,0.981932
2788.000,0.981933
2789.000,0.981933
2790.000,0.981933
2791.000,0.981933
2792.000,0.981934
2793.000,0.981934
2794.000,0.981934
2795.000,0.981934
2796.000,0.981935
2797.000,0.981935
2798.000,0.981935
2799.000,0.981936
2800.000,0.981936
2801.000,0.981936
2802.000,0.981936
2803.000,0.981937
2804.000,0.981937
2805.000,0.981937
2806.000,0.981937
2807.000,0.981938
2808.000,0.981938
2809.000,0.981938
2810.000,0.981938
2811.000,0.981939
2812.000,0.981939
2813.000,0.981939
2814.000,0.981939
2815.000,0.981940
2816.000,0.981940
2817.000,0.981940
2818.000,0.981940
2819.000,0.981941
2820.000,0.981941
2821.000,0.981941
2822.000,0.981941
2823.000,0.981942
2824.000,0.981942
2825.000,0.981942
2826.000,0.981942
2827.000,0.981943
2828.000,0.981943
2829.000,0.981943
2830.000,0.981943
2831.000,0.981944
2832.000,0.981944
2833.000,0.981944
2834.000,0.981944
2835.000,0.981945
2836.000,0.981945
2837.000,0.981945
2838.000,0.981945
2839.000,0.981946
2840.000,0.981946
2841.000,0.981946
2842.000,0.981946
2843.000,0.981947
2844.000,0.981947
2845.000,0.981947
2846.000,0.981947
2847.000,0.981947
2848.000,0.981948
2849.000,0.981948
2850.000,0.981948
2851.000,0.981948
2852.000,0.981949
2853.000,0.981949
2854.000,0.981949
2855.000,0.981949
2856.000,0.981950
2857.000,0.981950
2858.000,0.981950
2859.000,0.981950
2860.000,0.981951
2861.000,0.981951
2862.000,0.981951
2863.000,0.981951
2864.000,0.981951
2865.000,0.981952
2866.000,0.981952
2867.000,0.981952
2868.000,0.981952
2869.000,0.981953
2870.000,0.981953
2871.000,0.981953
2872.000,0.981953
2873.000,0.981954
2874.000,0.981954
2875.000,0.981954
2876.000,0.981954
2877.000,0.981954
2878.000,0.981955
2879.000,0.981955
2880.000,0.981955
2881.000,0.981955
2882.000,0.981956
2883.000,0.981956
2884.000,0.981956
2885.000,0.981956
2886.000,0.981956
2887.000,0.981957
2888.000,0.981957
2889.000,0.981957
2890.000,0.981957
2891.000,0.981957
2892.000,0.981958
2893.000,0.981958
2894.000,0.981958
2895.000,0.981958
2896.000,0.981959
2897.000,0.981959
2898.000,0.981959
2899.000,0.981959
2900.000,0.981959
2901.000,0.981960
2902.000,0.981960
2903.000,0.981960
2904.000,0.981960
2905.000,0.981960
2906.000,0.981961
2907.000,0.981961
2908.000,0.981961
2909.000,0.981961
2910.000,0.981962
2911.000,0.981962
2912.000,0.981962
2913.000,0.981962
2914.000,0.981962
2915.000,0.981963
2916.000,0.981963
2917.000,0.981963
2918.000,0.981963
2919.000,0.981963
2920.000,0.981964
2921.000,0.981964
2922.000,0.981964
2923.000,0.981964
2924.000,0.981964
2925.000,0.981965
2926.000,0.981965
2927.000,0.981965
2928.000,0.981965
2929.000,0.981965
2930.000,0.981966
2931.000,0.981966
2932.000,0.981966
2933.000,0.981966
2934.000,0.981966
2935.000,0.981967
2936.000,0.981967
2937.000,0.981967
2938.000,0.981967
2939.000,0.981967
2940.000,0.981968
2941.000,0.981968
2942.000,0.981968
2943.000,0.981968
2944.000,0.981968
2945.000,0.981968
2946.000,0.981969
2947.000,0.981969
2948.000,0.981969
2949.000,0.981969
2950.000,0.981969
2951.000,0.981970
2952.000,0.981970
2953.000,0.981970
2954.000,0.981970
2955.000,0.981970
2956.000,0.981971
2957.000,0.981971
2958.000,0.981971
2959.000,0.981971
2960.000,0.981971
2961.000,0.981971
2962.000,0.981972
2963.000,0.981972
2964.000,0.981972
2965.000,0.981972
2966.000,0.981972
2967.000,0.981973
2968.000,0.981973
2969.000,0.981973
2970.000,0.981973
2971.000,0.981973
2972.000,0.981974
2973.000,0.981974
2974.000,0.981974
2975.000,0.981974
2976.000,0.981974
2977.000,0.981974
2978.000,0.981975
2979.000,0.981975
2980.000,0.981975
2981.000,0.981975
2982.000,0.981975
2983.000,0.981975
2984.000,0.981976
2985.000,0.981976
2986.000,0.981976
2987.000,0.981976
2988.000,0.981976
2989.000,0.981976
2990.000,0.981977
2991.000,0.981977
2992.000,0.981977
2993.000,0.981977
2994.000,0.981977
2995.000,0.981978
2996.000,0.981978
2997.000,0.981978
2998.000,0.981978
2999.000,0.981978