Wavelength,Power transmitted
400.000,0.997606
401.000,0.997603
402.000,0.997600
403.000,0.997597
404.000,0.997594
405.000,0.997591
406.000,0.997588
407.000,0.997585
408.000,0.997582
409.000,0.997579
410.000,0.997576
411.000,0.997573
412.000,0.997571
413.000,0.997568
414.000,0.997565
415.000,0.997561
416.000,0.997559
417.000,0.997556
418.000,0.997553
419.000,0.997551
420.000,0.997548
421.000,0.997545
422.000,0.997542
423.000,0.997540
424.000,0.997537
425.000,0.997534
426.000,0.997531
427.000,0.997529
428.000,0.997526
429.000,0.997523
430.000,0.997521
431.000,0.997518
432.000,0.997516
433.000,0.997514
434.000,0.997511
435.000,0.997508
436.000,0.997506
437.000,0.997503
438.000,0.997501
439.000,0.997498
440.000,0.997496
441.000,0.997493
442.000,0.997491
443.000,0.997489
444.000,0.997486
445.000,0.997483
446.000,0.997481
447.000,0.997479
448.000,0.997476
449.000,0.997474
450.000,0.997471
451.000,0.997469
452.000,0.997467
453.000,0.997465
454.000,0.997462
455.000,0.997460
456.000,0.997458
457.000,0.997455
458.000,0.997453
459.000,0.997451
460.000,0.997449
461.000,0.997447
462.000,0.997444
463.000,0.997442
464.000,0.997440
465.000,0.997438
466.000,0.997436
467.000,0.997434
468.000,0.997432
469.000,0.997429
470.000,0.997427
471.000,0.997425
472.000,0.997423
473.000,0.997421
474.000,0.997419
475.000,0.997417
476.000,0.997415
477.000,0.997412
478.000,0.997411
479.000,0.997408
480.000,0.997407
481.000,0.997405
482.000,0.997402
483.000,0.997400
484.000,0.997399
485.000,0.997397
486.000,0.997395
487.000,0.997393
488.000,0.997391
489.000,0.997389
490.000,0.997387
491.000,0.997385
492.000,0.997383
493.000,0.997381
494.000,0.997380
495.000,0.997377
496.000,0.997376
497.000,0.997374
498.000,0.997372
499.000,0.997370
500.000,0.997369
501.000,0.997366
502.000,0.997365
503.000,0.997363
504.000,0.997361
505.000,0.997359
506.000,0.997357
507.000,0.997356
508.000,0.997354
509.000,0.997352
510.000,0.997350
511.000,0.997349
512.000,0.997347
513.000,0.997346
514.000,0.997344
515.000,0.997342
516.000,0.997340
517.000,0.997338
518.000,0.997337
519.000,0.997335
520.000,0.997334
521.000,0.997332
522.000,0.997330
523.000,0.997329
524.000,0.997327
525.000,0.997325
526.000,0.997324
527.000,0.997322
528.000,0.997321
529.000,0.997319
530.000,0.997318
531.000,0.997316
532.000,0.997314
533.000,0.997313
534.000,0.997311
535.000,0.997310
536.000,0.997308
537.000,0.997306
538.000,0.997305
539.000,0.997303
540.000,0.997302
541.000,0.997300
542.000,0.997299
543.000,0.997297
544.000,0.997296
545.000,0.997295
546.000,0.997293
547.000,0.997291
548.000,0.997290
549.000,0.997289
550.000,0.997287
551.000,0.997286
552.000,0.997285
553.000,0.997283
554.000,0.997282
555.000,0.997280
556.000,0.997279
557.000,0.997278
558.000,0.997276
559.000,0.997275
560.000,0.997273
561.000,0.997272
562.000,0.997271
563.000,0.997269
564.000,0.997268
565.000,0.997266
566.000,0.997265
567.000,0.997264
568.000,0.997263
569.000,0.997261
570.000,0.997260
571.000,0.997258
572.000,0.997257
573.000,0.997256
574.000,0.997254
575.000,0.997253
576.000,0.997252
577.000,0.997251
578.000,0.997250
579.000,0.997248
580.000,0.997247
581.000,0.997246
582.000,0.997244
583.000,0.997243
584.000,0.997242
585.000,0.997240
586.000,0.997240
587.000,0.997238
588.000,0.997237
589.000,0.997236
590.000,0.997235
591.000,0.997233
592.000,0.997232
593.000,0.997231
594.000,0.997230
595.000,0.997229
596.000,0.997227
597.000,0.997226
598.000,0.997225
599.000,0.997224
600.000,0.997223
601.000,0.997222
602.000,0.997221
603.000,0.997219
604.000,0.997218
605.000,0.997217
606.000,0.997216
607.000,0.997215
608.000,0.997214
609.000,0.997213
610.000,0.997211
611.000,0.997210
612.000,0.997209
613.000,0.997208
614.000,0.997207
615.000,0.997206
616.000,0.997205
617.000,0.997204
618.000,0.997203
619.000,0.997202
620.000,0.997200
621.000,0.997199
622.000,0.997198
623.000,0.997197
624.000,0.997196
625.000,0.997195
626.000,0.997194
627.000,0.997193
628.000,0.997192
629.000,0.997191
630.000,0.997190
631.000,0.997189
632.000,0.997188
633.000,0.997187
634.000,0.997186
635.000,0.997185
636.000,0.997184
637.000,0.997183
638.000,0.997182
639.000,0.997181
640.000,0.997180
641.000,0.997179
642.000,0.997178
643.000,0.997177
644.000,0.997176
645.000,0.997175
646.000,0.997174
647.000,0.997173
648.000,0.997172
649.000,0.997171
650.000,0.997170
651.000,0.997169
652.000,0.997168
653.000,0.997168
654.000,0.997166
655.000,0.997166
656.000,0.997165
657.000,0.997164
658.000,0.997163
659.000,0.997162
660.000,0.997161
661.000,0.997160
662.000,0.997159
663.000,0.997158
664.000,0.997158
665.000,0.997157
666.000,0.997156
667.000,0.997155
668.000,0.997154
669.000,0.997153
670.000,0.997152
671.000,0.997151
672.000,0.997150
673.000,0.997149
674.000,0.997149
675.000,0.997148
676.000,0.997147
677.000,0.997146
678.000,0.997145
679.000,0.997144
680.000,0.997143
681.000,0.997142
682.000,0.997142
683.000,0.997141
684.000,0.997140
685.000,0.997139
686.000,0.997138
687.000,0.997138
688.000,0.997137
689.000,0.997136
690.000,0.997135
691.000,0.997134
692.000,0.997133
693.000,0.997133
694.000,0.997132
695.000,0.997131
696.000,0.997130
697.000,0.997129
698.000,0.997129
699.000,0.997128
700.000,0.997127
701.000,0.997126
702.000,0.997126
703.000,0.997125
704.000,0.997124
705.000,0.997123
706.000,0.997122
707.000,0.997122
708.000,0.997121
709.000,0.997120
710.000,0.997119
711.000,0.997119
712.000,0.997118
713.000,0.997117
714.000,0.997116
715.000,0.997116
716.000,0.997115
717.000,0.997114
718.000,0.997114
719.000,0.997113
720.000,0.997112
721.000,0.997111
722.000,0.997110
723.000,0.997110
724.000,0.997109
725.000,0.997108
726.000,0.997108
727.000,0.997107
728.000,0.997106
729.000,0.997106
730.000,0.997105
731.000,0.997104
732.000,0.997103
733.000,0.997103
734.000,0.997102
735.000,0.997101
736.000,0.997101
737.000,0.997100
738.000,0.997099
739.000,0.997099
740.000,0.997098
741.000,0.997097
742.000,0.997096
743.000,0.997096
744.000,0.997095
745.000,0.997095
746.000,0.997094
747.000,0.997093
748.000,0.997092
749.000,0.997092
750.000,0.997091
751.000,0.997090
752.000,0.997090
753.000,0.997089
754.000,0.997089
755.000,0.997088
756.000,0.997087
757.000,0.997087
758.000,0.997086
759.000,0.997085
760.000,0.997085
761.000,0.997084
762.000,0.997083
763.000,0.997083
764.000,0.997082
765.000,0.997082
766.000,0.997081
767.000,0.997080
768.000,0.997080
769.000,0.997079
770.000,0.997078
771.000,0.997078
772.000,0.997077
773.000,0.997076
774.000,0.997076
775.000,0.997075
776.000,0.997075
777.000,0.997074
778.000,0.997073
779.000,0.997073
780.000,0.997072
781.000,0.997072
782.000,0.997071
783.000,0.997070
784.000,0.997070
785.000,0.997069
786.000,0.997069
787.000,0.997068
788.000,0.997067
789.000,0.997067
790.000,0.997066
791.000,0.997066
792.000,0.997065
793.000,0.997065
794.000,0.997064
795.000,0.997064
796.000,0.997063
797.000,0.997062
798.000,0.997062
799.000,0.997061
800.000,0.997061
801.000,0.997060
802.000,0.997060
803.000,0.997059
804.000,0.997059
805.000,0.997058
806.000,0.997057
807.000,0.997057
808.000,0.997056
809.000,0.997056
810.000,0.997055
811.000,0.997055
812.000,0.997054
813.000,0.997054
814.000,0.997053
815.000,0.997053
816.000,0.997052
817.000,0.997052
818.000,0.997051
819.000,0.997050
820.000,0.997050
821.000,0.997049
822.000,0.997049
823.000,0.997048
824.000,0.997048
825.000,0.997047
826.000,0.997047
827.000,0.997046
828.000,0.997046
829.000,0.997045
830.000,0.997045
831.000,0.997044
832.000,0.997044
833.000,0.997043
834.000,0.997043
835.000,0.997042
836.000,0.997042
837.000,0.997041
838.000,0.997041
839.000,0.997040
840.000,0.997040
841.000,0.997039
842.000,0.997039
843.000,0.997038
844.000,0.997038
845.000,0.997037
846.000,0.997037
847.000,0.997036
848.000,0.997036
849.000,0.997035
850.000,0.997035
851.000,0.997034
852.000,0.997034
853.000,0.997033
854.000,0.997033
855.000,0.997032
856.000,0.997032
857.000,0.997032
858.000,0.997031
859.000,0.997031
860.000,0.997030
861.000,0.997030
862.000,0.997029
863.000,0.997029
864.000,0.997028
865.000,0.997028
866.000,0.997027
867.000,0.997027
868.000,0.997026
869.000,0.997026
870.000,0.997026
871.000,0.997025
872.000,0.997025
873.000,0.997024
874.000,0.997024
875.000,0.997023
876.000,0.997023
877.000,0.997022
878.000,0.997022
879.000,0.997022
880.000,0.997021
881.000,0.997021
882.000,0.997020
883.000,0.997020
884.000,0.997019
885.000,0.997019
886.000,0.997018
887.000,0.997018
888.000,0.997018
889.000,0.997017
890.000,0.997017
891.000,0.997016
892.000,0.997016
893.000,0.997015
894.000,0.997015
895.000,0.997015
896.000,0.997014
897.000,0.997014
898.000,0.997013
899.000,0.997013
900.000,0.997013
901.000,0.997012
902.000,0.997012
903.000,0.997011
904.000,0.997011
905.000,0.997010
906.000,0.997010
907.000,0.997010
908.000,0.997009
909.000,0.997009
910.000,0.997008
911.000,0.997008
912.000,0.997008
913.000,0.997007
914.000,0.997007
915.000,0.997006
916.000,0.997006
917.000,0.997006
918.000,0.997005
919.000,0.997005
920.000,0.997004
921.000,0.997004
922.000,0.997004
923.000,0.997003
924.000,0.997003
925.000,0.997002
926.000,0.997002
927.000,0.997002
928.000,0.997001
929.000,0.997001
930.000,0.997001
931.000,0.997000
932.000,0.997000
933.000,0.996999
934.000,0.996999
935.000,0.996999
936.000,0.996998
937.000,0.996998
938.000,0.996998
939.000,0.996997
940.000,0.996997
941.000,0.996997
942.000,0.996996
943.000,0.996996
944.000,0.996995
945.000,0.996995
946.000,0.996995
947.000,0.996994
948.000,0.996994
949.000,0.996994
950.000,0.996993
951.000,0.996993
952.000,0.996992
953.000,0.996992
954.000,0.996992
955.000,0.996991
956.000,0.996991
957.000,0.996991
958.000,0.996990
959.000,0.996990
960.000,0.996989
961.000,0.996989
962.000,0.996989
963.000,0.996988
964.000,0.996988
965.000,0.996988
966.000,0.996987
967.000,0.996987
968.000,0.996987
969.000,0.996986
970.000,0.996986
971.000,0.996986
972.000,0.996985
973.000,0.996985
974.000,0.996985
975.000,0.996984
976.000,0.996984
977.000,0.996984
978.000,0.996983
979.000,0.996983
980.000,0.996983
981.000,0.996982
982.000,0.996982
983.000,0.996982
984.000,0.996981
985.000,0.996981
986.000,0.996981
987.000,0.996980
988.000,0.996980
989.000,0.996980
990.000,0.996979
991.000,0.996979
992.000,0.996979
993.000,0.996978
994.000,0.996978
995.000,0.996978
996.000,0.996977
997.000,0.996977
998.000,0.996977
999.000,0.996976
1000.000,0.996976