Wavelength,Power transmitted
400.000,0.971516
401.000,0.971437
402.000,0.971357
403.000,0.971277
404.000,0.971194
405.000,0.971109
406.000,0.971021
407.000,0.970930
408.000,0.970835
409.000,0.970737
410.000,0.970636
411.000,0.970532
412.000,0.970425
413.000,0.970315
414.000,0.970204
415.000,0.970090
416.000,0.969975
417.000,0.969858
418.000,0.969739
419.000,0.969619
420.000,0.969497
421.000,0.969373
422.000,0.969247
423.000,0.969119
424.000,0.968989
425.000,0.968856
426.000,0.968721
427.000,0.968584
428.000,0.968444
429.000,0.968301
430.000,0.968155
431.000,0.968007
432.000,0.967856
433.000,0.967702
434.000,0.967546
435.000,0.967388
436.000,0.967227
437.000,0.967063
438.000,0.966897
439.000,0.966728
440.000,0.966557
441.000,0.966383
442.000,0.966206
443.000,0.966027
444.000,0.965844
445.000,0.965659
446.000,0.965470
447.000,0.965279
448.000,0.965084
449.000,0.964885
450.000,0.964684
451.000,0.964479
452.000,0.964271
453.000,0.964059
454.000,0.963844
455.000,0.963626
456.000,0.963404
457.000,0.963179
458.000,0.962951
459.000,0.962719
460.000,0.962483
461.000,0.962245
462.000,0.962002
463.000,0.961756
464.000,0.961506
465.000,0.961252
466.000,0.960995
467.000,0.960733
468.000,0.960468
469.000,0.960198
470.000,0.959925
471.000,0.959647
472.000,0.959365
473.000,0.959078
474.000,0.958787
475.000,0.958491
476.000,0.958191
477.000,0.957886
478.000,0.957576
479.000,0.957261
480.000,0.956941
481.000,0.956617
482.000,0.956287
483.000,0.955952
484.000,0.955612
485.000,0.955267
486.000,0.954916
487.000,0.954560
488.000,0.954198
489.000,0.953830
490.000,0.953457
491.000,0.953078
492.000,0.952692
493.000,0.952300
494.000,0.951902
495.000,0.951498
496.000,0.951087
497.000,0.950669
498.000,0.950244
499.000,0.949812
500.000,0.949374
501.000,0.948928
502.000,0.948474
503.000,0.948014
504.000,0.947545
505.000,0.947069
506.000,0.946585
507.000,0.946093
508.000,0.945593
509.000,0.945084
510.000,0.944567
511.000,0.944041
512.000,0.943506
513.000,0.942962
514.000,0.942408
515.000,0.941845
516.000,0.941273
517.000,0.940690
518.000,0.940098
519.000,0.939495
520.000,0.938882
521.000,0.938259
522.000,0.937624
523.000,0.936979
524.000,0.936322
525.000,0.935654
526.000,0.934974
527.000,0.934282
528.000,0.933577
529.000,0.932860
530.000,0.932130
531.000,0.931386
532.000,0.930629
533.000,0.929858
534.000,0.929072
535.000,0.928272
536.000,0.927457
537.000,0.926627
538.000,0.925781
539.000,0.924919
540.000,0.924041
541.000,0.923146
542.000,0.922235
543.000,0.921306
544.000,0.920359
545.000,0.919394
546.000,0.918411
547.000,0.917409
548.000,0.916387
549.000,0.915345
550.000,0.914283
551.000,0.913199
552.000,0.912094
553.000,0.910967
554.000,0.909818
555.000,0.908645
556.000,0.907449
557.000,0.906228
558.000,0.904982
559.000,0.903710
560.000,0.902412
561.000,0.901088
562.000,0.899735
563.000,0.898355
564.000,0.896945
565.000,0.895505
566.000,0.894035
567.000,0.892534
568.000,0.891001
569.000,0.889434
570.000,0.887834
571.000,0.886199
572.000,0.884529
573.000,0.882821
574.000,0.881076
575.000,0.879291
576.000,0.877467
577.000,0.875601
578.000,0.873692
579.000,0.871740
580.000,0.869742
581.000,0.867698
582.000,0.865607
583.000,0.863466
584.000,0.861276
585.000,0.859034
586.000,0.856740
587.000,0.854392
588.000,0.851989
589.000,0.849529
590.000,0.847010
591.000,0.844432
592.000,0.841792
593.000,0.839089
594.000,0.836320
595.000,0.833483
596.000,0.830576
597.000,0.827597
598.000,0.824544
599.000,0.821414
600.000,0.818204
601.000,0.814913
602.000,0.811537
603.000,0.808074
604.000,0.804522
605.000,0.800878
606.000,0.797138
607.000,0.793301
608.000,0.789363
609.000,0.785322
610.000,0.781174
611.000,0.776916
612.000,0.772545
613.000,0.768058
614.000,0.763451
615.000,0.758720
616.000,0.753863
617.000,0.748874
618.000,0.743751
619.000,0.738489
620.000,0.733084
621.000,0.727532
622.000,0.721829
623.000,0.715970
624.000,0.709951
625.000,0.703767
626.000,0.697412
627.000,0.690883
628.000,0.684174
629.000,0.677280
630.000,0.670195
631.000,0.662916
632.000,0.655436
633.000,0.647750
634.000,0.639854
635.000,0.631743
636.000,0.623410
637.000,0.614852
638.000,0.606063
639.000,0.597039
640.000,0.587775
641.000,0.578268
642.000,0.568512
643.000,0.558504
644.000,0.548241
645.000,0.537720
646.000,0.526939
647.000,0.515896
648.000,0.504591
649.000,0.493024
650.000,0.481196
651.000,0.469110
652.000,0.456768
653.000,0.444175
654.000,0.431337
655.000,0.418263
656.000,0.404960
657.000,0.391440
658.000,0.377716
659.000,0.363803
660.000,0.349717
661.000,0.335479
662.000,0.321112
663.000,0.306642
664.000,0.292098
665.000,0.277515
666.000,0.262930
667.000,0.248386
668.000,0.233931
669.000,0.219614
670.000,0.205494
671.000,0.191629
672.000,0.178082
673.000,0.164919
674.000,0.152205
675.000,0.140008
676.000,0.128392
677.000,0.117418
678.000,0.107141
679.000,0.097612
680.000,0.088872
681.000,0.080953
682.000,0.073877
683.000,0.067653
684.000,0.062280
685.000,0.057747
686.000,0.054030
687.000,0.051096
688.000,0.048906
689.000,0.047410
690.000,0.046559
691.000,0.046295
692.000,0.046564
693.000,0.047311
694.000,0.048482
695.000,0.050030
696.000,0.051909
697.000,0.054080
698.000,0.056511
699.000,0.059174
700.000,0.062046
701.000,0.065109
702.000,0.068349
703.000,0.071757
704.000,0.075323
705.000,0.079041
706.000,0.082907
707.000,0.086915
708.000,0.091060
709.000,0.095338
710.000,0.099742
711.000,0.104267
712.000,0.108907
713.000,0.113653
714.000,0.118500
715.000,0.123441
716.000,0.128467
717.000,0.133573
718.000,0.138751
719.000,0.143997
720.000,0.149305
721.000,0.154669
722.000,0.160086
723.000,0.165551
724.000,0.171060
725.000,0.176610
726.000,0.182198
727.000,0.187819
728.000,0.193471
729.000,0.199149
730.000,0.204850
731.000,0.210570
732.000,0.216303
733.000,0.222047
734.000,0.227795
735.000,0.233542
736.000,0.239285
737.000,0.245017
738.000,0.250734
739.000,0.256431
740.000,0.262101
741.000,0.267741
742.000,0.273346
743.000,0.278910
744.000,0.284430
745.000,0.289900
746.000,0.295316
747.000,0.300674
748.000,0.305971
749.000,0.311202
750.000,0.316364
751.000,0.321453
752.000,0.326465
753.000,0.331398
754.000,0.336249
755.000,0.341013
756.000,0.345690
757.000,0.350275
758.000,0.354767
759.000,0.359163
760.000,0.363461
761.000,0.367658
762.000,0.371753
763.000,0.375745
764.000,0.379631
765.000,0.383411
766.000,0.387083
767.000,0.390647
768.000,0.394101
769.000,0.397444
770.000,0.400677
771.000,0.403799
772.000,0.406809
773.000,0.409707
774.000,0.412493
775.000,0.415167
776.000,0.417727
777.000,0.420176
778.000,0.422511
779.000,0.424734
780.000,0.426845
781.000,0.428842
782.000,0.430728
783.000,0.432502
784.000,0.434163
785.000,0.435713
786.000,0.437152
787.000,0.438480
788.000,0.439697
789.000,0.440804
790.000,0.441801
791.000,0.442688
792.000,0.443466
793.000,0.444136
794.000,0.444697
795.000,0.445150
796.000,0.445495
797.000,0.445732
798.000,0.445863
799.000,0.445887
800.000,0.445804
801.000,0.445616
802.000,0.445322
803.000,0.444923
804.000,0.444419
805.000,0.443811
806.000,0.443098
807.000,0.442281
808.000,0.441360
809.000,0.440336
810.000,0.439210
811.000,0.437980
812.000,0.436649
813.000,0.435215
814.000,0.433680
815.000,0.432044
816.000,0.430306
817.000,0.428469
818.000,0.426532
819.000,0.424495
820.000,0.422359
821.000,0.420125
822.000,0.417793
823.000,0.415364
824.000,0.412838
825.000,0.410216
826.000,0.407498
827.000,0.404686
828.000,0.401780
829.000,0.398781
830.000,0.395689
831.000,0.392507
832.000,0.389234
833.000,0.385872
834.000,0.382422
835.000,0.378886
836.000,0.375264
837.000,0.371557
838.000,0.367768
839.000,0.363899
840.000,0.359949
841.000,0.355922
842.000,0.351820
843.000,0.347643
844.000,0.343395
845.000,0.339078
846.000,0.334694
847.000,0.330245
848.000,0.325734
849.000,0.321164
850.000,0.316538
851.000,0.311859
852.000,0.307130
853.000,0.302355
854.000,0.297536
855.000,0.292678
856.000,0.287783
857.000,0.282857
858.000,0.277902
859.000,0.272924
860.000,0.267925
861.000,0.262911
862.000,0.257886
863.000,0.252855
864.000,0.247822
865.000,0.242793
866.000,0.237771
867.000,0.232763
868.000,0.227773
869.000,0.222807
870.000,0.217869
871.000,0.212964
872.000,0.208099
873.000,0.203278
874.000,0.198506
875.000,0.193788
876.000,0.189130
877.000,0.184536
878.000,0.180012
879.000,0.175561
880.000,0.171190
881.000,0.166901
882.000,0.162701
883.000,0.158592
884.000,0.154579
885.000,0.150666
886.000,0.146857
887.000,0.143155
888.000,0.139563
889.000,0.136084
890.000,0.132720
891.000,0.129475
892.000,0.126350
893.000,0.123348
894.000,0.120469
895.000,0.117716
896.000,0.115090
897.000,0.112590
898.000,0.110219
899.000,0.107977
900.000,0.105864
901.000,0.103880
902.000,0.102025
903.000,0.100298
904.000,0.098701
905.000,0.097231
906.000,0.095888
907.000,0.094672
908.000,0.093581
909.000,0.092615
910.000,0.091773
911.000,0.091053
912.000,0.090455
913.000,0.089976
914.000,0.089617
915.000,0.089375
916.000,0.089250
917.000,0.089240
918.000,0.089344
919.000,0.089560
920.000,0.089887
921.000,0.090324
922.000,0.090869
923.000,0.091522
924.000,0.092280
925.000,0.093142
926.000,0.094107
927.000,0.095174
928.000,0.096341
929.000,0.097607
930.000,0.098971
931.000,0.100431
932.000,0.101985
933.000,0.103633
934.000,0.105374
935.000,0.107205
936.000,0.109126
937.000,0.111135
938.000,0.113230
939.000,0.115411
940.000,0.117676
941.000,0.120024
942.000,0.122452
943.000,0.124961
944.000,0.127547
945.000,0.130211
946.000,0.132950
947.000,0.135762
948.000,0.138647
949.000,0.141602
950.000,0.144627
951.000,0.147719
952.000,0.150877
953.000,0.154098
954.000,0.157383
955.000,0.160728
956.000,0.164131
957.000,0.167592
958.000,0.171107
959.000,0.174676
960.000,0.178296
961.000,0.181966
962.000,0.185683
963.000,0.189445
964.000,0.193250
965.000,0.197097
966.000,0.200983
967.000,0.204907
968.000,0.208865
969.000,0.212857
970.000,0.216879
971.000,0.220930
972.000,0.225009
973.000,0.229112
974.000,0.233237
975.000,0.237384
976.000,0.241549
977.000,0.245730
978.000,0.249926
979.000,0.254135
980.000,0.258354
981.000,0.262583
982.000,0.266818
983.000,0.271059
984.000,0.275303
985.000,0.279549
986.000,0.283795
987.000,0.288040
988.000,0.292281
989.000,0.296518
990.000,0.300749
991.000,0.304973
992.000,0.309188
993.000,0.313393
994.000,0.317586
995.000,0.321766
996.000,0.325933
997.000,0.330084
998.000,0.334219
999.000,0.338337
1000.000,0.342437
1001.000,0.346518
1002.000,0.350579
1003.000,0.354619
1004.000,0.358637
1005.000,0.362633
1006.000,0.366605
1007.000,0.370554
1008.000,0.374478
1009.000,0.378377
1010.000,0.382251
1011.000,0.386099
1012.000,0.389920
1013.000,0.393713
1014.000,0.397480
1015.000,0.401219
1016.000,0.404929
1017.000,0.408611
1018.000,0.412264
1019.000,0.415887
1020.000,0.419481
1021.000,0.423046
1022.000,0.426581
1023.000,0.430085
1024.000,0.433560
1025.000,0.437004
1026.000,0.440418
1027.000,0.443801
1028.000,0.447154
1029.000,0.450477
1030.000,0.453769
1031.000,0.457032
1032.000,0.460263
1033.000,0.463465
1034.000,0.466637
1035.000,0.469778
1036.000,0.472889
1037.000,0.475971
1038.000,0.479023
1039.000,0.482045
1040.000,0.485037
1041.000,0.488000
1042.000,0.490933
1043.000,0.493837
1044.000,0.496713
1045.000,0.499559
1046.000,0.502377
1047.000,0.505166
1048.000,0.507926
1049.000,0.510659
1050.000,0.513364
1051.000,0.516041
1052.000,0.518690
1053.000,0.521312
1054.000,0.523907
1055.000,0.526475
1056.000,0.529016
1057.000,0.531531
1058.000,0.534020
1059.000,0.536483
1060.000,0.538920
1061.000,0.541331
1062.000,0.543718
1063.000,0.546079
1064.000,0.548416
1065.000,0.550728
1066.000,0.553016
1067.000,0.555280
1068.000,0.557520
1069.000,0.559737
1070.000,0.561930
1071.000,0.564100
1072.000,0.566247
1073.000,0.568372
1074.000,0.570474
1075.000,0.572553
1076.000,0.574611
1077.000,0.576647
1078.000,0.578662
1079.000,0.580655
1080.000,0.582627
1081.000,0.584579
1082.000,0.586510
1083.000,0.588421
1084.000,0.590312
1085.000,0.592183
1086.000,0.594034
1087.000,0.595866
1088.000,0.597679
1089.000,0.599473
1090.000,0.601248
1091.000,0.603005
1092.000,0.604743
1093.000,0.606464
1094.000,0.608166
1095.000,0.609850
1096.000,0.611517
1097.000,0.613167
1098.000,0.614800
1099.000,0.616416
1100.000,0.618015
1101.000,0.619597
1102.000,0.621163
1103.000,0.622713
1104.000,0.624247
1105.000,0.625765
1106.000,0.627268
1107.000,0.628755
1108.000,0.630227
1109.000,0.631684
1110.000,0.633126
1111.000,0.634553
1112.000,0.635966
1113.000,0.637364
1114.000,0.638748
1115.000,0.640118
1116.000,0.641475
1117.000,0.642817
1118.000,0.644146
1119.000,0.645462
1120.000,0.646764
1121.000,0.648054
1122.000,0.649330
1123.000,0.650594
1124.000,0.651846
1125.000,0.653085
1126.000,0.654311
1127.000,0.655526
1128.000,0.656728
1129.000,0.657918
1130.000,0.659097
1131.000,0.660264
1132.000,0.661419
1133.000,0.662563
1134.000,0.663696
1135.000,0.664817
1136.000,0.665928
1137.000,0.667028
1138.000,0.668117
1139.000,0.669195
1140.000,0.670263
1141.000,0.671320
1142.000,0.672368
1143.000,0.673405
1144.000,0.674432
1145.000,0.675449
1146.000,0.676457
1147.000,0.677455
1148.000,0.678443
1149.000,0.679422
1150.000,0.680392
1151.000,0.681352
1152.000,0.682303
1153.000,0.683246
1154.000,0.684179
1155.000,0.685103
1156.000,0.686018
1157.000,0.686925
1158.000,0.687823
1159.000,0.688713
1160.000,0.689594
1161.000,0.690467
1162.000,0.691332
1163.000,0.692188
1164.000,0.693037
1165.000,0.693878
1166.000,0.694710
1167.000,0.695535
1168.000,0.696353
1169.000,0.697162
1170.000,0.697965
1171.000,0.698760
1172.000,0.699547
1173.000,0.700328
1174.000,0.701101
1175.000,0.701867
1176.000,0.702626
1177.000,0.703379
1178.000,0.704124
1179.000,0.704863
1180.000,0.705595
1181.000,0.706320
1182.000,0.707039
1183.000,0.707751
1184.000,0.708457
1185.000,0.709156
1186.000,0.709849
1187.000,0.710536
1188.000,0.711216
1189.000,0.711891
1190.000,0.712559
1191.000,0.713221
1192.000,0.713877
1193.000,0.714527
1194.000,0.715171
1195.000,0.715810
1196.000,0.716443
1197.000,0.717070
1198.000,0.717692
1199.000,0.718308
1200.000,0.718919
1201.000,0.719525
1202.000,0.720125
1203.000,0.720719
1204.000,0.721309
1205.000,0.721893
1206.000,0.722472
1207.000,0.723047
1208.000,0.723616
1209.000,0.724180
1210.000,0.724739
1211.000,0.725293
1212.000,0.725842
1213.000,0.726386
1214.000,0.726926
1215.000,0.727460
1216.000,0.727990
1217.000,0.728516
1218.000,0.729037
1219.000,0.729553
1220.000,0.730065
1221.000,0.730572
1222.000,0.731075
1223.000,0.731574
1224.000,0.732068
1225.000,0.732558
1226.000,0.733044
1227.000,0.733526
1228.000,0.734004
1229.000,0.734477
1230.000,0.734946
1231.000,0.735411
1232.000,0.735872
1233.000,0.736330
1234.000,0.736783
1235.000,0.737232
1236.000,0.737677
1237.000,0.738119
1238.000,0.738557
1239.000,0.738991
1240.000,0.739421
1241.000,0.739848
1242.000,0.740271
1243.000,0.740690
1244.000,0.741106
1245.000,0.741518
1246.000,0.741926
1247.000,0.742332
1248.000,0.742733
1249.000,0.743131
1250.000,0.743526
1251.000,0.743918
1252.000,0.744306
1253.000,0.744690
1254.000,0.745071
1255.000,0.745449
1256.000,0.745824
1257.000,0.746195
1258.000,0.746564
1259.000,0.746929
1260.000,0.747291
1261.000,0.747650
1262.000,0.748005
1263.000,0.748358
1264.000,0.748708
1265.000,0.749055
1266.000,0.749398
1267.000,0.749739
1268.000,0.750077
1269.000,0.750412
1270.000,0.750744
1271.000,0.751074
1272.000,0.751400
1273.000,0.751724
1274.000,0.752044
1275.000,0.752362
1276.000,0.752677
1277.000,0.752990
1278.000,0.753300
1279.000,0.753607
1280.000,0.753911
1281.000,0.754212
1282.000,0.754512
1283.000,0.754808
1284.000,0.755102
1285.000,0.755393
1286.000,0.755682
1287.000,0.755968
1288.000,0.756252
1289.000,0.756534
1290.000,0.756813
1291.000,0.757089
1292.000,0.757363
1293.000,0.757635
1294.000,0.757904
1295.000,0.758171
1296.000,0.758436
1297.000,0.758698
1298.000,0.758958
1299.000,0.759215
1300.000,0.759471
1301.000,0.759724
1302.000,0.759974
1303.000,0.760223
1304.000,0.760469
1305.000,0.760713
1306.000,0.760954
1307.000,0.761194
1308.000,0.761432
1309.000,0.761667
1310.000,0.761900
1311.000,0.762132
1312.000,0.762361
1313.000,0.762588
1314.000,0.762813
1315.000,0.763036
1316.000,0.763257
1317.000,0.763476
1318.000,0.763693
1319.000,0.763908
1320.000,0.764121
1321.000,0.764331
1322.000,0.764540
1323.000,0.764747
1324.000,0.764952
1325.000,0.765155
1326.000,0.765356
1327.000,0.765555
1328.000,0.765752
1329.000,0.765947
1330.000,0.766140
1331.000,0.766332
1332.000,0.766522
1333.000,0.766710
1334.000,0.766896
1335.000,0.767080
1336.000,0.767263
1337.000,0.767444
1338.000,0.767623
1339.000,0.767801
1340.000,0.767976
1341.000,0.768150
1342.000,0.768322
1343.000,0.768492
1344.000,0.768661
1345.000,0.768828
1346.000,0.768993
1347.000,0.769156
1348.000,0.769318
1349.000,0.769478
1350.000,0.769636
1351.000,0.769793
1352.000,0.769948
1353.000,0.770102
1354.000,0.770253
1355.000,0.770404
1356.000,0.770552
1357.000,0.770699
1358.000,0.770845
1359.000,0.770989
1360.000,0.771132
1361.000,0.771272
1362.000,0.771412
1363.000,0.771550
1364.000,0.771686
1365.000,0.771821
1366.000,0.771954
1367.000,0.772086
1368.000,0.772216
1369.000,0.772345
1370.000,0.772472
1371.000,0.772598
1372.000,0.772722
1373.000,0.772844
1374.000,0.772966
1375.000,0.773085
1376.000,0.773203
1377.000,0.773320
1378.000,0.773435
1379.000,0.773549
1380.000,0.773661
1381.000,0.773772
1382.000,0.773882
1383.000,0.773990
1384.000,0.774097
1385.000,0.774202
1386.000,0.774306
1387.000,0.774408
1388.000,0.774509
1389.000,0.774609
1390.000,0.774707
1391.000,0.774804
1392.000,0.774900
1393.000,0.774994
1394.000,0.775087
1395.000,0.775179
1396.000,0.775269
1397.000,0.775358
1398.000,0.775446
1399.000,0.775532
1400.000,0.775617
1401.000,0.775701
1402.000,0.775783
1403.000,0.775865
1404.000,0.775944
1405.000,0.776023
1406.000,0.776100
1407.000,0.776176
1408.000,0.776250
1409.000,0.776323
1410.000,0.776395
1411.000,0.776465
1412.000,0.776534
1413.000,0.776602
1414.000,0.776668
1415.000,0.776733
1416.000,0.776797
1417.000,0.776860
1418.000,0.776922
1419.000,0.776982
1420.000,0.777041
1421.000,0.777099
1422.000,0.777155
1423.000,0.777210
1424.000,0.777264
1425.000,0.777317
1426.000,0.777369
1427.000,0.777419
1428.000,0.777467
1429.000,0.777515
1430.000,0.777561
1431.000,0.777606
1432.000,0.777649
1433.000,0.777691
1434.000,0.777732
1435.000,0.777772
1436.000,0.777811
1437.000,0.777848
1438.000,0.777884
1439.000,0.777920
1440.000,0.777953
1441.000,0.777986
1442.000,0.778018
1443.000,0.778048
1444.000,0.778077
1445.000,0.778105
1446.000,0.778132
1447.000,0.778157
1448.000,0.778182
1449.000,0.778204
1450.000,0.778226
1451.000,0.778246
1452.000,0.778265
1453.000,0.778283
1454.000,0.778299
1455.000,0.778314
1456.000,0.778328
1457.000,0.778341
1458.000,0.778352
1459.000,0.778362
1460.000,0.778371
1461.000,0.778378
1462.000,0.778385
1463.000,0.778390
1464.000,0.778394
1465.000,0.778397
1466.000,0.778398
1467.000,0.778399
1468.000,0.778398
1469.000,0.778395
1470.000,0.778392
1471.000,0.778387
1472.000,0.778381
1473.000,0.778374
1474.000,0.778365
1475.000,0.778355
1476.000,0.778344
1477.000,0.778332
1478.000,0.778318
1479.000,0.778303
1480.000,0.778286
1481.000,0.778269
1482.000,0.778250
1483.000,0.778229
1484.000,0.778208
1485.000,0.778185
1486.000,0.778160
1487.000,0.778135
1488.000,0.778108
1489.000,0.778080
1490.000,0.778050
1491.000,0.778019
1492.000,0.777986
1493.000,0.777953
1494.000,0.777918
1495.000,0.777881
1496.000,0.777843
1497.000,0.777804
1498.000,0.777764
1499.000,0.777722
1500.000,0.777679
1501.000,0.777634
1502.000,0.777588
1503.000,0.777541
1504.000,0.777492
1505.000,0.777442
1506.000,0.777391
1507.000,0.777338
1508.000,0.777283
1509.000,0.777228
1510.000,0.777170
1511.000,0.777111
1512.000,0.777051
1513.000,0.776989
1514.000,0.776926
1515.000,0.776861
1516.000,0.776795
1517.000,0.776727
1518.000,0.776657
1519.000,0.776587
1520.000,0.776514
1521.000,0.776440
1522.000,0.776364
1523.000,0.776287
1524.000,0.776209
1525.000,0.776128
1526.000,0.776046
1527.000,0.775963
1528.000,0.775878
1529.000,0.775791
1530.000,0.775703
1531.000,0.775613
1532.000,0.775522
1533.000,0.775429
1534.000,0.775334
1535.000,0.775237
1536.000,0.775139
1537.000,0.775039
1538.000,0.774937
1539.000,0.774834
1540.000,0.774729
1541.000,0.774622
1542.000,0.774513
1543.000,0.774403
1544.000,0.774291
1545.000,0.774177
1546.000,0.774061
1547.000,0.773943
1548.000,0.773823
1549.000,0.773702
1550.000,0.773579
1551.000,0.773454
1552.000,0.773327
1553.000,0.773198
1554.000,0.773067
1555.000,0.772934
1556.000,0.772799
1557.000,0.772662
1558.000,0.772524
1559.000,0.772383
1560.000,0.772240
1561.000,0.772095
1562.000,0.771948
1563.000,0.771798
1564.000,0.771647
1565.000,0.771494
1566.000,0.771338
1567.000,0.771180
1568.000,0.771020
1569.000,0.770858
1570.000,0.770694
1571.000,0.770528
1572.000,0.770359
1573.000,0.770188
1574.000,0.770014
1575.000,0.769839
1576.000,0.769661
1577.000,0.769480
1578.000,0.769298
1579.000,0.769112
1580.000,0.768925
1581.000,0.768735
1582.000,0.768542
1583.000,0.768347
1584.000,0.768149
1585.000,0.767949
1586.000,0.767746
1587.000,0.767541
1588.000,0.767333
1589.000,0.767122
1590.000,0.766909
1591.000,0.766692
1592.000,0.766474
1593.000,0.766252
1594.000,0.766028
1595.000,0.765800
1596.000,0.765570
1597.000,0.765337
1598.000,0.765101
1599.000,0.764862
1600.000,0.764620
1601.000,0.764376
1602.000,0.764128
1603.000,0.763877
1604.000,0.763622
1605.000,0.763365
1606.000,0.763105
1607.000,0.762841
1608.000,0.762574
1609.000,0.762304
1610.000,0.762031
1611.000,0.761754
1612.000,0.761474
1613.000,0.761190
1614.000,0.760903
1615.000,0.760613
1616.000,0.760319
1617.000,0.760021
1618.000,0.759720
1619.000,0.759415
1620.000,0.759106
1621.000,0.758793
1622.000,0.758477
1623.000,0.758157
1624.000,0.757833
1625.000,0.757505
1626.000,0.757173
1627.000,0.756837
1628.000,0.756497
1629.000,0.756153
1630.000,0.755805
1631.000,0.755453
1632.000,0.755096
1633.000,0.754736
1634.000,0.754371
1635.000,0.754002
1636.000,0.753628
1637.000,0.753250
1638.000,0.752867
1639.000,0.752479
1640.000,0.752087
1641.000,0.751690
1642.000,0.751289
1643.000,0.750882
1644.000,0.750470
1645.000,0.750054
1646.000,0.749632
1647.000,0.749206
1648.000,0.748774
1649.000,0.748337
1650.000,0.747895
1651.000,0.747448
1652.000,0.746995
1653.000,0.746537
1654.000,0.746073
1655.000,0.745604
1656.000,0.745129
1657.000,0.744649
1658.000,0.744163
1659.000,0.743671
1660.000,0.743173
1661.000,0.742669
1662.000,0.742160
1663.000,0.741644
1664.000,0.741122
1665.000,0.740594
1666.000,0.740060
1667.000,0.739519
1668.000,0.738972
1669.000,0.738418
1670.000,0.737858
1671.000,0.737291
1672.000,0.736718
1673.000,0.736137
1674.000,0.735550
1675.000,0.734956
1676.000,0.734354
1677.000,0.733745
1678.000,0.733129
1679.000,0.732505
1680.000,0.731874
1681.000,0.731235
1682.000,0.730588
1683.000,0.729933
1684.000,0.729271
1685.000,0.728601
1686.000,0.727923
1687.000,0.727237
1688.000,0.726543
1689.000,0.725840
1690.000,0.725130
1691.000,0.724411
1692.000,0.723683
1693.000,0.722947
1694.000,0.722202
1695.000,0.721449
1696.000,0.720687
1697.000,0.719915
1698.000,0.719135
1699.000,0.718345
1700.000,0.717546
1701.000,0.716738
1702.000,0.715920
1703.000,0.715092
1704.000,0.714255
1705.000,0.713409
1706.000,0.712552
1707.000,0.711685
1708.000,0.710809
1709.000,0.709922
1710.000,0.709025
1711.000,0.708117
1712.000,0.707199
1713.000,0.706270
1714.000,0.705330
1715.000,0.704380
1716.000,0.703418
1717.000,0.702445
1718.000,0.701461
1719.000,0.700466
1720.000,0.699459
1721.000,0.698441
1722.000,0.697412
1723.000,0.696371
1724.000,0.695319
1725.000,0.694255
1726.000,0.693179
1727.000,0.692091
1728.000,0.690992
1729.000,0.689880
1730.000,0.688757
1731.000,0.687621
1732.000,0.686473
1733.000,0.685313
1734.000,0.684140
1735.000,0.682955
1736.000,0.681757
1737.000,0.680547
1738.000,0.679323
1739.000,0.678087
1740.000,0.676839
1741.000,0.675577
1742.000,0.674302
1743.000,0.673015
1744.000,0.671714
1745.000,0.670400
1746.000,0.669074
1747.000,0.667734
1748.000,0.666381
1749.000,0.665014
1750.000,0.663635
1751.000,0.662242
1752.000,0.660835
1753.000,0.659416
1754.000,0.657983
1755.000,0.656537
1756.000,0.655077
1757.000,0.653604
1758.000,0.652119
1759.000,0.650620
1760.000,0.649108
1761.000,0.647583
1762.000,0.646046
1763.000,0.644496
1764.000,0.642933
1765.000,0.641358
1766.000,0.639771
1767.000,0.638171
1768.000,0.636560
1769.000,0.634936
1770.000,0.633301
1771.000,0.631653
1772.000,0.629993
1773.000,0.628322
1774.000,0.626639
1775.000,0.624944
1776.000,0.623237
1777.000,0.621520
1778.000,0.619791
1779.000,0.618051
1780.000,0.616302
1781.000,0.614542
1782.000,0.612772
1783.000,0.610993
1784.000,0.609206
1785.000,0.607409
1786.000,0.605605
1787.000,0.603792
1788.000,0.601971
1789.000,0.600144
1790.000,0.598309
1791.000,0.596467
1792.000,0.594618
1793.000,0.592763
1794.000,0.590902
1795.000,0.589036
1796.000,0.587164
1797.000,0.585287
1798.000,0.583406
1799.000,0.581520
1800.000,0.579631
1801.000,0.577738
1802.000,0.575843
1803.000,0.573945
1804.000,0.572046
1805.000,0.570145
1806.000,0.568244
1807.000,0.566342
1808.000,0.564440
1809.000,0.562538
1810.000,0.560638
1811.000,0.558739
1812.000,0.556842
1813.000,0.554947
1814.000,0.553055
1815.000,0.551167
1816.000,0.549283
1817.000,0.547403
1818.000,0.545529
1819.000,0.543660
1820.000,0.541798
1821.000,0.539942
1822.000,0.538095
1823.000,0.536256
1824.000,0.534425
1825.000,0.532604
1826.000,0.530793
1827.000,0.528992
1828.000,0.527202
1829.000,0.525423
1830.000,0.523656
1831.000,0.521901
1832.000,0.520158
1833.000,0.518428
1834.000,0.516712
1835.000,0.515009
1836.000,0.513320
1837.000,0.511645
1838.000,0.509986
1839.000,0.508342
1840.000,0.506715
1841.000,0.505104
1842.000,0.503511
1843.000,0.501936
1844.000,0.500379
1845.000,0.498841
1846.000,0.497323
1847.000,0.495824
1848.000,0.494345
1849.000,0.492886
1850.000,0.491448
1851.000,0.490032
1852.000,0.488636
1853.000,0.487262
1854.000,0.485909
1855.000,0.484579
1856.000,0.483271
1857.000,0.481986
1858.000,0.480723
1859.000,0.479484
1860.000,0.478268
1861.000,0.477076
1862.000,0.475908
1863.000,0.474763
1864.000,0.473644
1865.000,0.472548
1866.000,0.471478
1867.000,0.470433
1868.000,0.469412
1869.000,0.468418
1870.000,0.467448
1871.000,0.466504
1872.000,0.465586
1873.000,0.464694
1874.000,0.463827
1875.000,0.462987
1876.000,0.462172
1877.000,0.461383
1878.000,0.460620
1879.000,0.459883
1880.000,0.459172
1881.000,0.458487
1882.000,0.457827
1883.000,0.457193
1884.000,0.456586
1885.000,0.456003
1886.000,0.455447
1887.000,0.454916
1888.000,0.454410
1889.000,0.453930
1890.000,0.453475
1891.000,0.453046
1892.000,0.452641
1893.000,0.452262
1894.000,0.451908
1895.000,0.451578
1896.000,0.451272
1897.000,0.450992
1898.000,0.450735
1899.000,0.450502
1900.000,0.450293
1901.000,0.450108
1902.000,0.449946
1903.000,0.449808
1904.000,0.449692
1905.000,0.449600
1906.000,0.449529
1907.000,0.449481
1908.000,0.449456
1909.000,0.449452
1910.000,0.449469
1911.000,0.449509
1912.000,0.449569
1913.000,0.449650
1914.000,0.449752
1915.000,0.449874
1916.000,0.450016
1917.000,0.450178
1918.000,0.450360
1919.000,0.450561
1920.000,0.450781
1921.000,0.451019
1922.000,0.451276
1923.000,0.451551
1924.000,0.451843
1925.000,0.452153
1926.000,0.452480
1927.000,0.452823
1928.000,0.453183
1929.000,0.453560
1930.000,0.453952
1931.000,0.454360
1932.000,0.454783
1933.000,0.455221
1934.000,0.455674
1935.000,0.456142
1936.000,0.456624
1937.000,0.457120
1938.000,0.457630
1939.000,0.458153
1940.000,0.458689
1941.000,0.459238
1942.000,0.459799
1943.000,0.460372
1944.000,0.460956
1945.000,0.461552
1946.000,0.462160
1947.000,0.462778
1948.000,0.463407
1949.000,0.464046
1950.000,0.464695
1951.000,0.465354
1952.000,0.466023
1953.000,0.466701
1954.000,0.467389
1955.000,0.468085
1956.000,0.468790
1957.000,0.469503
1958.000,0.470225
1959.000,0.470954
1960.000,0.471691
1961.000,0.472435
1962.000,0.473187
1963.000,0.473945
1964.000,0.474710
1965.000,0.475481
1966.000,0.476258
1967.000,0.477041
1968.000,0.477829
1969.000,0.478622
1970.000,0.479421
1971.000,0.480225
1972.000,0.481033
1973.000,0.481845
1974.000,0.482662
1975.000,0.483482
1976.000,0.484307
1977.000,0.485134
1978.000,0.485966
1979.000,0.486800
1980.000,0.487638
1981.000,0.488478
1982.000,0.489321
1983.000,0.490167
1984.000,0.491015
1985.000,0.491865
1986.000,0.492718
1987.000,0.493573
1988.000,0.494430
1989.000,0.495288
1990.000,0.496148
1991.000,0.497010
1992.000,0.497873
1993.000,0.498737
1994.000,0.499602
1995.000,0.500468
1996.000,0.501334
1997.000,0.502201
1998.000,0.503067
1999.000,0.503933
2000.000,0.504799
2001.000,0.505665
2002.000,0.506530
2003.000,0.507394
2004.000,0.508257
2005.000,0.509120
2006.000,0.509982
2007.000,0.510843
2008.000,0.511704
2009.000,0.512564
2010.000,0.513423
2011.000,0.514282
2012.000,0.515140
2013.000,0.515996
2014.000,0.516852
2015.000,0.517706
2016.000,0.518559
2017.000,0.519409
2018.000,0.520257
2019.000,0.521102
2020.000,0.521945
2021.000,0.522785
2022.000,0.523622
2023.000,0.524455
2024.000,0.525286
2025.000,0.526113
2026.000,0.526938
2027.000,0.527760
2028.000,0.528579
2029.000,0.529396
2030.000,0.530210
2031.000,0.531022
2032.000,0.531832
2033.000,0.532639
2034.000,0.533445
2035.000,0.534248
2036.000,0.535050
2037.000,0.535849
2038.000,0.536646
2039.000,0.537440
2040.000,0.538232
2041.000,0.539020
2042.000,0.539805
2043.000,0.540587
2044.000,0.541365
2045.000,0.542139
2046.000,0.542909
2047.000,0.543675
2048.000,0.544437
2049.000,0.545194
2050.000,0.545948
2051.000,0.546697
2052.000,0.547442
2053.000,0.548183
2054.000,0.548919
2055.000,0.549651
2056.000,0.550379
2057.000,0.551103
2058.000,0.551822
2059.000,0.552538
2060.000,0.553248
2061.000,0.553955
2062.000,0.554658
2063.000,0.555357
2064.000,0.556052
2065.000,0.556744
2066.000,0.557432
2067.000,0.558117
2068.000,0.558798
2069.000,0.559477
2070.000,0.560152
2071.000,0.560824
2072.000,0.561494
2073.000,0.562159
2074.000,0.562822
2075.000,0.563481
2076.000,0.564137
2077.000,0.564789
2078.000,0.565437
2079.000,0.566081
2080.000,0.566722
2081.000,0.567357
2082.000,0.567989
2083.000,0.568616
2084.000,0.569239
2085.000,0.569858
2086.000,0.570472
2087.000,0.571081
2088.000,0.571687
2089.000,0.572287
2090.000,0.572884
2091.000,0.573477
2092.000,0.574065
2093.000,0.574650
2094.000,0.575231
2095.000,0.575808
2096.000,0.576382
2097.000,0.576952
2098.000,0.577518
2099.000,0.578081
2100.000,0.578641
2101.000,0.579197
2102.000,0.579749
2103.000,0.580297
2104.000,0.580842
2105.000,0.581384
2106.000,0.581921
2107.000,0.582456
2108.000,0.582986
2109.000,0.583513
2110.000,0.584037
2111.000,0.584557
2112.000,0.585073
2113.000,0.585586
2114.000,0.586095
2115.000,0.586601
2116.000,0.587102
2117.000,0.587600
2118.000,0.588095
2119.000,0.588585
2120.000,0.589072
2121.000,0.589556
2122.000,0.590036
2123.000,0.590512
2124.000,0.590985
2125.000,0.591455
2126.000,0.591921
2127.000,0.592384
2128.000,0.592844
2129.000,0.593301
2130.000,0.593754
2131.000,0.594205
2132.000,0.594652
2133.000,0.595095
2134.000,0.595536
2135.000,0.595973
2136.000,0.596406
2137.000,0.596837
2138.000,0.597264
2139.000,0.597688
2140.000,0.598109
2141.000,0.598527
2142.000,0.598941
2143.000,0.599353
2144.000,0.599761
2145.000,0.600167
2146.000,0.600570
2147.000,0.600969
2148.000,0.601366
2149.000,0.601759
2150.000,0.602150
2151.000,0.602538
2152.000,0.602923
2153.000,0.603304
2154.000,0.603683
2155.000,0.604059
2156.000,0.604432
2157.000,0.604802
2158.000,0.605169
2159.000,0.605534
2160.000,0.605896
2161.000,0.606255
2162.000,0.606611
2163.000,0.606965
2164.000,0.607316
2165.000,0.607665
2166.000,0.608011
2167.000,0.608354
2168.000,0.608695
2169.000,0.609033
2170.000,0.609368
2171.000,0.609701
2172.000,0.610031
2173.000,0.610358
2174.000,0.610683
2175.000,0.611005
2176.000,0.611324
2177.000,0.611641
2178.000,0.611955
2179.000,0.612267
2180.000,0.612577
2181.000,0.612884
2182.000,0.613188
2183.000,0.613491
2184.000,0.613791
2185.000,0.614088
2186.000,0.614384
2187.000,0.614677
2188.000,0.614969
2189.000,0.615258
2190.000,0.615545
2191.000,0.615829
2192.000,0.616112
2193.000,0.616392
2194.000,0.616670
2195.000,0.616946
2196.000,0.617220
2197.000,0.617491
2198.000,0.617760
2199.000,0.618027
2200.000,0.618292
2201.000,0.618554
2202.000,0.618814
2203.000,0.619072
2204.000,0.619327
2205.000,0.619581
2206.000,0.619832
2207.000,0.620081
2208.000,0.620328
2209.000,0.620573
2210.000,0.620816
2211.000,0.621058
2212.000,0.621297
2213.000,0.621534
2214.000,0.621770
2215.000,0.622004
2216.000,0.622236
2217.000,0.622466
2218.000,0.622695
2219.000,0.622921
2220.000,0.623146
2221.000,0.623369
2222.000,0.623590
2223.000,0.623809
2224.000,0.624026
2225.000,0.624241
2226.000,0.624455
2227.000,0.624666
2228.000,0.624876
2229.000,0.625084
2230.000,0.625291
2231.000,0.625496
2232.000,0.625699
2233.000,0.625900
2234.000,0.626100
2235.000,0.626299
2236.000,0.626495
2237.000,0.626690
2238.000,0.626884
2239.000,0.627075
2240.000,0.627265
2241.000,0.627453
2242.000,0.627639
2243.000,0.627823
2244.000,0.628006
2245.000,0.628187
2246.000,0.628366
2247.000,0.628543
2248.000,0.628719
2249.000,0.628893
2250.000,0.629065
2251.000,0.629237
2252.000,0.629407
2253.000,0.629576
2254.000,0.629744
2255.000,0.629911
2256.000,0.630076
2257.000,0.630241
2258.000,0.630404
2259.000,0.630566
2260.000,0.630727
2261.000,0.630887
2262.000,0.631045
2263.000,0.631202
2264.000,0.631357
2265.000,0.631511
2266.000,0.631663
2267.000,0.631813
2268.000,0.631961
2269.000,0.632108
2270.000,0.632253
2271.000,0.632397
2272.000,0.632539
2273.000,0.632679
2274.000,0.632818
2275.000,0.632955
2276.000,0.633091
2277.000,0.633226
2278.000,0.633360
2279.000,0.633493
2280.000,0.633625
2281.000,0.633755
2282.000,0.633885
2283.000,0.634014
2284.000,0.634142
2285.000,0.634269
2286.000,0.634395
2287.000,0.634520
2288.000,0.634644
2289.000,0.634766
2290.000,0.634888
2291.000,0.635008
2292.000,0.635126
2293.000,0.635244
2294.000,0.635360
2295.000,0.635475
2296.000,0.635588
2297.000,0.635701
2298.000,0.635812
2299.000,0.635923
2300.000,0.636032
2301.000,0.636140
2302.000,0.636248
2303.000,0.636354
2304.000,0.636460
2305.000,0.636564
2306.000,0.636668
2307.000,0.636770
2308.000,0.636871
2309.000,0.636971
2310.000,0.637070
2311.000,0.637168
2312.000,0.637265
2313.000,0.637360
2314.000,0.637455
2315.000,0.637548
2316.000,0.637640
2317.000,0.637732
2318.000,0.637822
2319.000,0.637912
2320.000,0.638000
2321.000,0.638088
2322.000,0.638175
2323.000,0.638261
2324.000,0.638347
2325.000,0.638431
2326.000,0.638514
2327.000,0.638597
2328.000,0.638679
2329.000,0.638760
2330.000,0.638840
2331.000,0.638919
2332.000,0.638997
2333.000,0.639074
2334.000,0.639150
2335.000,0.639226
2336.000,0.639300
2337.000,0.639374
2338.000,0.639446
2339.000,0.639518
2340.000,0.639589
2341.000,0.639660
2342.000,0.639729
2343.000,0.639798
2344.000,0.639866
2345.000,0.639933
2346.000,0.639999
2347.000,0.640065
2348.000,0.640130
2349.000,0.640193
2350.000,0.640256
2351.000,0.640319
2352.000,0.640380
2353.000,0.640440
2354.000,0.640500
2355.000,0.640558
2356.000,0.640616
2357.000,0.640673
2358.000,0.640729
2359.000,0.640785
2360.000,0.640840
2361.000,0.640894
2362.000,0.640947
2363.000,0.641000
2364.000,0.641052
2365.000,0.641104
2366.000,0.641154
2367.000,0.641205
2368.000,0.641254
2369.000,0.641303
2370.000,0.641351
2371.000,0.641399
2372.000,0.641446
2373.000,0.641492
2374.000,0.641537
2375.000,0.641582
2376.000,0.641627
2377.000,0.641670
2378.000,0.641713
2379.000,0.641755
2380.000,0.641797
2381.000,0.641838
2382.000,0.641878
2383.000,0.641917
2384.000,0.641955
2385.000,0.641993
2386.000,0.642030
2387.000,0.642067
2388.000,0.642103
2389.000,0.642138
2390.000,0.642173
2391.000,0.642207
2392.000,0.642240
2393.000,0.642273
2394.000,0.642306
2395.000,0.642337
2396.000,0.642369
2397.000,0.642399
2398.000,0.642429
2399.000,0.642459
2400.000,0.642488
2401.000,0.642516
2402.000,0.642543
2403.000,0.642570
2404.000,0.642596
2405.000,0.642622
2406.000,0.642647
2407.000,0.642672
2408.000,0.642696
2409.000,0.642719
2410.000,0.642742
2411.000,0.642765
2412.000,0.642786
2413.000,0.642808
2414.000,0.642829
2415.000,0.642849
2416.000,0.642869
2417.000,0.642888
2418.000,0.642907
2419.000,0.642925
2420.000,0.642942
2421.000,0.642959
2422.000,0.642976
2423.000,0.642992
2424.000,0.643007
2425.000,0.643022
2426.000,0.643036
2427.000,0.643050
2428.000,0.643064
2429.000,0.643076
2430.000,0.643089
2431.000,0.643100
2432.000,0.643112
2433.000,0.643122
2434.000,0.643133
2435.000,0.643142
2436.000,0.643151
2437.000,0.643160
2438.000,0.643168
2439.000,0.643176
2440.000,0.643183
2441.000,0.643190
2442.000,0.643197
2443.000,0.643203
2444.000,0.643208
2445.000,0.643213
2446.000,0.643218
2447.000,0.643223
2448.000,0.643227
2449.000,0.643230
2450.000,0.643233
2451.000,0.643236
2452.000,0.643238
2453.000,0.643240
2454.000,0.643242
2455.000,0.643243
2456.000,0.643244
2457.000,0.643244
2458.000,0.643243
2459.000,0.643243
2460.000,0.643241
2461.000,0.643240
2462.000,0.643237
2463.000,0.643235
2464.000,0.643231
2465.000,0.643228
2466.000,0.643224
2467.000,0.643219
2468.000,0.643214
2469.000,0.643209
2470.000,0.643203
2471.000,0.643197
2472.000,0.643191
2473.000,0.643184
2474.000,0.643176
2475.000,0.643169
2476.000,0.643161
2477.000,0.643153
2478.000,0.643144
2479.000,0.643135
2480.000,0.643126
2481.000,0.643116
2482.000,0.643106
2483.000,0.643096
2484.000,0.643085
2485.000,0.643074
2486.000,0.643062
2487.000,0.643050
2488.000,0.643037
2489.000,0.643025
2490.000,0.643012
2491.000,0.642998
2492.000,0.642984
2493.000,0.642970
2494.000,0.642955
2495.000,0.642940
2496.000,0.642925
2497.000,0.642909
2498.000,0.642893
2499.000,0.642876
2500.000,0.642859
2501.000,0.642842
2502.000,0.642824
2503.000,0.642806
2504.000,0.642788
2505.000,0.642769
2506.000,0.642750
2507.000,0.642731
2508.000,0.642712
2509.000,0.642692
2510.000,0.642672
2511.000,0.642652
2512.000,0.642631
2513.000,0.642610
2514.000,0.642589
2515.000,0.642568
2516.000,0.642546
2517.000,0.642524
2518.000,0.642501
2519.000,0.642479
2520.000,0.642456
2521.000,0.642432
2522.000,0.642408
2523.000,0.642384
2524.000,0.642360
2525.000,0.642335
2526.000,0.642310
2527.000,0.642285
2528.000,0.642259
2529.000,0.642233
2530.000,0.642206
2531.000,0.642180
2532.000,0.642153
2533.000,0.642125
2534.000,0.642098
2535.000,0.642070
2536.000,0.642042
2537.000,0.642013
2538.000,0.641985
2539.000,0.641956
2540.000,0.641927
2541.000,0.641897
2542.000,0.641867
2543.000,0.641837
2544.000,0.641807
2545.000,0.641777
2546.000,0.641746
2547.000,0.641715
2548.000,0.641684
2549.000,0.641652
2550.000,0.641620
2551.000,0.641588
2552.000,0.641556
2553.000,0.641524
2554.000,0.641491
2555.000,0.641458
2556.000,0.641425
2557.000,0.641391
2558.000,0.641357
2559.000,0.641323
2560.000,0.641288
2561.000,0.641253
2562.000,0.641218
2563.000,0.641182
2564.000,0.641146
2565.000,0.641110
2566.000,0.641073
2567.000,0.641036
2568.000,0.640999
2569.000,0.640962
2570.000,0.640925
2571.000,0.640888
2572.000,0.640851
2573.000,0.640813
2574.000,0.640776
2575.000,0.640738
2576.000,0.640700
2577.000,0.640661
2578.000,0.640623
2579.000,0.640583
2580.000,0.640543
2581.000,0.640503
2582.000,0.640462
2583.000,0.640421
2584.000,0.640380
2585.000,0.640338
2586.000,0.640297
2587.000,0.640255
2588.000,0.640213
2589.000,0.640172
2590.000,0.640131
2591.000,0.640089
2592.000,0.640048
2593.000,0.640007
2594.000,0.639966
2595.000,0.639924
2596.000,0.639882
2597.000,0.639840
2598.000,0.639797
2599.000,0.639754
2600.000,0.639710
2601.000,0.639665
2602.000,0.639620
2603.000,0.639575
2604.000,0.639529
2605.000,0.639482
2606.000,0.639435
2607.000,0.639388
2608.000,0.639341
2609.000,0.639293
2610.000,0.639246
2611.000,0.639198
2612.000,0.639151
2613.000,0.639103
2614.000,0.639056
2615.000,0.639009
2616.000,0.638962
2617.000,0.638915
2618.000,0.638869
2619.000,0.638822
2620.000,0.638776
2621.000,0.638730
2622.000,0.638683
2623.000,0.638637
2624.000,0.638590
2625.000,0.638543
2626.000,0.638496
2627.000,0.638448
2628.000,0.638399
2629.000,0.638350
2630.000,0.638300
2631.000,0.638250
2632.000,0.638200
2633.000,0.638149
2634.000,0.638098
2635.000,0.638046
2636.000,0.637994
2637.000,0.637942
2638.000,0.637890
2639.000,0.637838
2640.000,0.637785
2641.000,0.637733
2642.000,0.637681
2643.000,0.637629
2644.000,0.637576
2645.000,0.637524
2646.000,0.637472
2647.000,0.637419
2648.000,0.637367
2649.000,0.637314
2650.000,0.637261
2651.000,0.637207
2652.000,0.637153
2653.000,0.637099
2654.000,0.637044
2655.000,0.636989
2656.000,0.636933
2657.000,0.636876
2658.000,0.636819
2659.000,0.636762
2660.000,0.636705
2661.000,0.636647
2662.000,0.636589
2663.000,0.636531
2664.000,0.636474
2665.000,0.636416
2666.000,0.636359
2667.000,0.636301
2668.000,0.636244
2669.000,0.636187
2670.000,0.636131
2671.000,0.636074
2672.000,0.636018
2673.000,0.635962
2674.000,0.635906
2675.000,0.635850
2676.000,0.635793
2677.000,0.635737
2678.000,0.635680
2679.000,0.635623
2680.000,0.635566
2681.000,0.635508
2682.000,0.635450
2683.000,0.635391
2684.000,0.635332
2685.000,0.635272
2686.000,0.635212
2687.000,0.635152
2688.000,0.635091
2689.000,0.635030
2690.000,0.634969
2691.000,0.634908
2692.000,0.634846
2693.000,0.634785
2694.000,0.634724
2695.000,0.634663
2696.000,0.634602
2697.000,0.634541
2698.000,0.634480
2699.000,0.634420
2700.000,0.634359
2701.000,0.634298
2702.000,0.634237
2703.000,0.634176
2704.000,0.634114
2705.000,0.634052
2706.000,0.633990
2707.000,0.633927
2708.000,0.633864
2709.000,0.633801
2710.000,0.633738
2711.000,0.633674
2712.000,0.633611
2713.000,0.633547
2714.000,0.633483
2715.000,0.633420
2716.000,0.633356
2717.000,0.633293
2718.000,0.633229
2719.000,0.633165
2720.000,0.633101
2721.000,0.633037
2722.000,0.632972
2723.000,0.632908
2724.000,0.632843
2725.000,0.632778
2726.000,0.632713
2727.000,0.632648
2728.000,0.632583
2729.000,0.632518
2730.000,0.632452
2731.000,0.632387
2732.000,0.632321
2733.000,0.632255
2734.000,0.632189
2735.000,0.632123
2736.000,0.632057
2737.000,0.631990
2738.000,0.631923
2739.000,0.631857
2740.000,0.631790
2741.000,0.631723
2742.000,0.631656
2743.000,0.631588
2744.000,0.631521
2745.000,0.631453
2746.000,0.631386
2747.000,0.631318
2748.000,0.631250
2749.000,0.631182
2750.000,0.631114
2751.000,0.631046
2752.000,0.630978
2753.000,0.630910
2754.000,0.630841
2755.000,0.630773
2756.000,0.630704
2757.000,0.630635
2758.000,0.630566
2759.000,0.630497
2760.000,0.630428
2761.000,0.630359
2762.000,0.630290
2763.000,0.630220
2764.000,0.630151
2765.000,0.630081
2766.000,0.630011
2767.000,0.629941
2768.000,0.629871
2769.000,0.629801
2770.000,0.629731
2771.000,0.629661
2772.000,0.629591
2773.000,0.629520
2774.000,0.629450
2775.000,0.629379
2776.000,0.629308
2777.000,0.629238
2778.000,0.629167
2779.000,0.629096
2780.000,0.629024
2781.000,0.628953
2782.000,0.628882
2783.000,0.628810
2784.000,0.628738
2785.000,0.628667
2786.000,0.628595
2787.000,0.628523
2788.000,0.628450
2789.000,0.628378
2790.000,0.628306
2791.000,0.628233
2792.000,0.628160
2793.000,0.628088
2794.000,0.628015
2795.000,0.627942
2796.000,0.627869
2797.000,0.627796
2798.000,0.627723
2799.000,0.627650
2800.000,0.627577
2801.000,0.627503
2802.000,0.627430
2803.000,0.627357
2804.000,0.627283
2805.000,0.627210
2806.000,0.627136
2807.000,0.627062
2808.000,0.626988
2809.000,0.626914
2810.000,0.626840
2811.000,0.626765
2812.000,0.626690
2813.000,0.626615
2814.000,0.626541
2815.000,0.626465
2816.000,0.626390
2817.000,0.626315
2818.000,0.626240
2819.000,0.626164
2820.000,0.626089
2821.000,0.626014
2822.000,0.625938
2823.000,0.625863
2824.000,0.625787
2825.000,0.625711
2826.000,0.625636
2827.000,0.625560
2828.000,0.625484
2829.000,0.625409
2830.000,0.625333
2831.000,0.625257
2832.000,0.625180
2833.000,0.625104
2834.000,0.625028
2835.000,0.624951
2836.000,0.624875
2837.000,0.624798
2838.000,0.624721
2839.000,0.624644
2840.000,0.624567
2841.000,0.624490
2842.000,0.624413
2843.000,0.624336
2844.000,0.624259
2845.000,0.624181
2846.000,0.624104
2847.000,0.624026
2848.000,0.623949
2849.000,0.623871
2850.000,0.623793
2851.000,0.623715
2852.000,0.623637
2853.000,0.623559
2854.000,0.623481
2855.000,0.623403
2856.000,0.623324
2857.000,0.623246
2858.000,0.623167
2859.000,0.623088
2860.000,0.623010
2861.000,0.622931
2862.000,0.622852
2863.000,0.622773
2864.000,0.622694
2865.000,0.622615
2866.000,0.622536
2867.000,0.622457
2868.000,0.622378
2869.000,0.622299
2870.000,0.622220
2871.000,0.622140
2872.000,0.622061
2873.000,0.621981
2874.000,0.621901
2875.000,0.621821
2876.000,0.621741
2877.000,0.621661
2878.000,0.621580
2879.000,0.621500
2880.000,0.621419
2881.000,0.621339
2882.000,0.621258
2883.000,0.621177
2884.000,0.621097
2885.000,0.621016
2886.000,0.620935
2887.000,0.620854
2888.000,0.620774
2889.000,0.620693
2890.000,0.620612
2891.000,0.620531
2892.000,0.620450
2893.000,0.620369
2894.000,0.620288
2895.000,0.620207
2896.000,0.620126
2897.000,0.620044
2898.000,0.619963
2899.000,0.619881
2900.000,0.619799
2901.000,0.619718
2902.000,0.619636
2903.000,0.619554
2904.000,0.619472
2905.000,0.619389
2906.000,0.619307
2907.000,0.619225
2908.000,0.619143
2909.000,0.619060
2910.000,0.618978
2911.000,0.618895
2912.000,0.618813
2913.000,0.618730
2914.000,0.618648
2915.000,0.618565
2916.000,0.618482
2917.000,0.618399
2918.000,0.618317
2919.000,0.618234
2920.000,0.618151
2921.000,0.618067
2922.000,0.617984
2923.000,0.617901
2924.000,0.617817
2925.000,0.617734
2926.000,0.617650
2927.000,0.617567
2928.000,0.617483
2929.000,0.617399
2930.000,0.617315
2931.000,0.617231
2932.000,0.617147
2933.000,0.617063
2934.000,0.616979
2935.000,0.616895
2936.000,0.616810
2937.000,0.616726
2938.000,0.616642
2939.000,0.616557
2940.000,0.616473
2941.000,0.616388
2942.000,0.616304
2943.000,0.616219
2944.000,0.616134
2945.000,0.616050
2946.000,0.615965
2947.000,0.615881
2948.000,0.615796
2949.000,0.615711
2950.000,0.615627
2951.000,0.615542
2952.000,0.615457
2953.000,0.615372
2954.000,0.615286
2955.000,0.615201
2956.000,0.615115
2957.000,0.615030
2958.000,0.614944
2959.000,0.614858
2960.000,0.614772
2961.000,0.614686
2962.000,0.614601
2963.000,0.614515
2964.000,0.614429
2965.000,0.614344
2966.000,0.614258
2967.000,0.614173
2968.000,0.614087
2969.000,0.614001
2970.000,0.613915
2971.000,0.613829
2972.000,0.613743
2973.000,0.613656
2974.000,0.613568
2975.000,0.613480
2976.000,0.613392
2977.000,0.613304
2978.000,0.613216
2979.000,0.613128
2980.000,0.613041
2981.000,0.612954
2982.000,0.612867
2983.000,0.612782
2984.000,0.612697
2985.000,0.612613
2986.000,0.612529
2987.000,0.612445
2988.000,0.612362
2989.000,0.612277
2990.000,0.612191
2991.000,0.612104
2992.000,0.612015
2993.000,0.611923
2994.000,0.611829
2995.000,0.611733
2996.000,0.611635
2997.000,0.611536
2998.000,0.611437
2999.000,0.611340