Wavelength,Power transmitted
400.000,0.792044
401.000,0.795793
402.000,0.799512
403.000,0.803186
404.000,0.806802
405.000,0.810350
406.000,0.813819
407.000,0.817200
408.000,0.820488
409.000,0.823679
410.000,0.826770
411.000,0.829763
412.000,0.832659
413.000,0.835461
414.000,0.838175
415.000,0.840804
416.000,0.843355
417.000,0.845833
418.000,0.848243
419.000,0.850589
420.000,0.852876
421.000,0.855105
422.000,0.857281
423.000,0.859405
424.000,0.861478
425.000,0.863501
426.000,0.865475
427.000,0.867400
428.000,0.869278
429.000,0.871109
430.000,0.872893
431.000,0.874632
432.000,0.876326
433.000,0.877978
434.000,0.879588
435.000,0.881159
436.000,0.882691
437.000,0.884187
438.000,0.885647
439.000,0.887074
440.000,0.888468
441.000,0.889830
442.000,0.891163
443.000,0.892466
444.000,0.893740
445.000,0.894986
446.000,0.896205
447.000,0.897397
448.000,0.898562
449.000,0.899702
450.000,0.900817
451.000,0.901908
452.000,0.902974
453.000,0.904018
454.000,0.905040
455.000,0.906041
456.000,0.907021
457.000,0.907980
458.000,0.908921
459.000,0.909843
460.000,0.910746
461.000,0.911632
462.000,0.912501
463.000,0.913353
464.000,0.914188
465.000,0.915008
466.000,0.915812
467.000,0.916602
468.000,0.917376
469.000,0.918136
470.000,0.918881
471.000,0.919613
472.000,0.920331
473.000,0.921036
474.000,0.921728
475.000,0.922407
476.000,0.923074
477.000,0.923729
478.000,0.924373
479.000,0.925005
480.000,0.925626
481.000,0.926236
482.000,0.926835
483.000,0.927424
484.000,0.928004
485.000,0.928573
486.000,0.929133
487.000,0.929684
488.000,0.930225
489.000,0.930758
490.000,0.931282
491.000,0.931797
492.000,0.932304
493.000,0.932803
494.000,0.933294
495.000,0.933776
496.000,0.934251
497.000,0.934719
498.000,0.935179
499.000,0.935631
500.000,0.936077
501.000,0.936515
502.000,0.936947
503.000,0.937372
504.000,0.937791
505.000,0.938203
506.000,0.938609
507.000,0.939009
508.000,0.939404
509.000,0.939792
510.000,0.940175
511.000,0.940552
512.000,0.940924
513.000,0.941290
514.000,0.941651
515.000,0.942007
516.000,0.942358
517.000,0.942703
518.000,0.943044
519.000,0.943381
520.000,0.943712
521.000,0.944039
522.000,0.944362
523.000,0.944681
524.000,0.944995
525.000,0.945305
526.000,0.945610
527.000,0.945912
528.000,0.946210
529.000,0.946504
530.000,0.946794
531.000,0.947080
532.000,0.947362
533.000,0.947641
534.000,0.947916
535.000,0.948187
536.000,0.948455
537.000,0.948720
538.000,0.948981
539.000,0.949238
540.000,0.949493
541.000,0.949744
542.000,0.949992
543.000,0.950237
544.000,0.950479
545.000,0.950718
546.000,0.950955
547.000,0.951188
548.000,0.951419
549.000,0.951647
550.000,0.951872
551.000,0.952095
552.000,0.952315
553.000,0.952532
554.000,0.952747
555.000,0.952959
556.000,0.953169
557.000,0.953377
558.000,0.953582
559.000,0.953784
560.000,0.953985
561.000,0.954183
562.000,0.954379
563.000,0.954572
564.000,0.954764
565.000,0.954953
566.000,0.955140
567.000,0.955325
568.000,0.955509
569.000,0.955690
570.000,0.955869
571.000,0.956046
572.000,0.956222
573.000,0.956395
574.000,0.956567
575.000,0.956737
576.000,0.956905
577.000,0.957071
578.000,0.957236
579.000,0.957398
580.000,0.957559
581.000,0.957718
582.000,0.957875
583.000,0.958031
584.000,0.958184
585.000,0.958337
586.000,0.958487
587.000,0.958636
588.000,0.958784
589.000,0.958930
590.000,0.959075
591.000,0.959219
592.000,0.959361
593.000,0.959502
594.000,0.959642
595.000,0.959781
596.000,0.959918
597.000,0.960054
598.000,0.960189
599.000,0.960322
600.000,0.960454
601.000,0.960585
602.000,0.960714
603.000,0.960842
604.000,0.960969
605.000,0.961094
606.000,0.961218
607.000,0.961341
608.000,0.961463
609.000,0.961583
610.000,0.961702
611.000,0.961820
612.000,0.961937
613.000,0.962053
614.000,0.962168
615.000,0.962282
616.000,0.962395
617.000,0.962507
618.000,0.962618
619.000,0.962728
620.000,0.962838
621.000,0.962946
622.000,0.963053
623.000,0.963160
624.000,0.963265
625.000,0.963370
626.000,0.963473
627.000,0.963576
628.000,0.963678
629.000,0.963779
630.000,0.963879
631.000,0.963978
632.000,0.964076
633.000,0.964173
634.000,0.964270
635.000,0.964365
636.000,0.964460
637.000,0.964554
638.000,0.964647
639.000,0.964739
640.000,0.964831
641.000,0.964922
642.000,0.965012
643.000,0.965101
644.000,0.965189
645.000,0.965277
646.000,0.965364
647.000,0.965451
648.000,0.965537
649.000,0.965622
650.000,0.965706
651.000,0.965790
652.000,0.965873
653.000,0.965956
654.000,0.966038
655.000,0.966120
656.000,0.966200
657.000,0.966280
658.000,0.966360
659.000,0.966439
660.000,0.966517
661.000,0.966594
662.000,0.966671
663.000,0.966748
664.000,0.966823
665.000,0.966898
666.000,0.966972
667.000,0.967046
668.000,0.967119
669.000,0.967192
670.000,0.967264
671.000,0.967335
672.000,0.967406
673.000,0.967476
674.000,0.967546
675.000,0.967616
676.000,0.967684
677.000,0.967753
678.000,0.967821
679.000,0.967888
680.000,0.967955
681.000,0.968022
682.000,0.968088
683.000,0.968153
684.000,0.968218
685.000,0.968283
686.000,0.968347
687.000,0.968411
688.000,0.968474
689.000,0.968536
690.000,0.968599
691.000,0.968660
692.000,0.968722
693.000,0.968783
694.000,0.968843
695.000,0.968903
696.000,0.968963
697.000,0.969022
698.000,0.969081
699.000,0.969140
700.000,0.969198
701.000,0.969255
702.000,0.969313
703.000,0.969370
704.000,0.969426
705.000,0.969482
706.000,0.969538
707.000,0.969593
708.000,0.969648
709.000,0.969702
710.000,0.969756
711.000,0.969810
712.000,0.969863
713.000,0.969916
714.000,0.969969
715.000,0.970021
716.000,0.970073
717.000,0.970125
718.000,0.970176
719.000,0.970227
720.000,0.970277
721.000,0.970328
722.000,0.970378
723.000,0.970427
724.000,0.970477
725.000,0.970526
726.000,0.970574
727.000,0.970623
728.000,0.970671
729.000,0.970718
730.000,0.970766
731.000,0.970813
732.000,0.970860
733.000,0.970906
734.000,0.970952
735.000,0.970998
736.000,0.971044
737.000,0.971089
738.000,0.971134
739.000,0.971179
740.000,0.971224
741.000,0.971268
742.000,0.971312
743.000,0.971356
744.000,0.971399
745.000,0.971442
746.000,0.971485
747.000,0.971528
748.000,0.971570
749.000,0.971612
750.000,0.971654
751.000,0.971695
752.000,0.971737
753.000,0.971778
754.000,0.971819
755.000,0.971859
756.000,0.971899
757.000,0.971940
758.000,0.971979
759.000,0.972019
760.000,0.972058
761.000,0.972098
762.000,0.972137
763.000,0.972175
764.000,0.972214
765.000,0.972252
766.000,0.972290
767.000,0.972328
768.000,0.972365
769.000,0.972402
770.000,0.972439
771.000,0.972476
772.000,0.972513
773.000,0.972549
774.000,0.972586
775.000,0.972622
776.000,0.972658
777.000,0.972693
778.000,0.972729
779.000,0.972764
780.000,0.972799
781.000,0.972834
782.000,0.972868
783.000,0.972903
784.000,0.972937
785.000,0.972971
786.000,0.973005
787.000,0.973039
788.000,0.973072
789.000,0.973106
790.000,0.973139
791.000,0.973172
792.000,0.973204
793.000,0.973237
794.000,0.973269
795.000,0.973302
796.000,0.973334
797.000,0.973365
798.000,0.973397
799.000,0.973429
800.000,0.973460
801.000,0.973491
802.000,0.973522
803.000,0.973553
804.000,0.973583
805.000,0.973614
806.000,0.973644
807.000,0.973674
808.000,0.973704
809.000,0.973734
810.000,0.973764
811.000,0.973793
812.000,0.973823
813.000,0.973852
814.000,0.973881
815.000,0.973910
816.000,0.973939
817.000,0.973967
818.000,0.973996
819.000,0.974024
820.000,0.974052
821.000,0.974080
822.000,0.974108
823.000,0.974135
824.000,0.974163
825.000,0.974190
826.000,0.974218
827.000,0.974245
828.000,0.974272
829.000,0.974299
830.000,0.974325
831.000,0.974352
832.000,0.974379
833.000,0.974405
834.000,0.974431
835.000,0.974457
836.000,0.974483
837.000,0.974509
838.000,0.974535
839.000,0.974560
840.000,0.974586
841.000,0.974611
842.000,0.974636
843.000,0.974661
844.000,0.974686
845.000,0.974711
846.000,0.974735
847.000,0.974760
848.000,0.974784
849.000,0.974809
850.000,0.974833
851.000,0.974857
852.000,0.974881
853.000,0.974904
854.000,0.974928
855.000,0.974952
856.000,0.974975
857.000,0.974998
858.000,0.975022
859.000,0.975045
860.000,0.975068
861.000,0.975091
862.000,0.975113
863.000,0.975136
864.000,0.975159
865.000,0.975181
866.000,0.975203
867.000,0.975226
868.000,0.975248
869.000,0.975270
870.000,0.975292
871.000,0.975314
872.000,0.975335
873.000,0.975357
874.000,0.975378
875.000,0.975400
876.000,0.975421
877.000,0.975442
878.000,0.975464
879.000,0.975485
880.000,0.975506
881.000,0.975526
882.000,0.975547
883.000,0.975568
884.000,0.975588
885.000,0.975609
886.000,0.975629
887.000,0.975650
888.000,0.975670
889.000,0.975690
890.000,0.975710
891.000,0.975730
892.000,0.975749
893.000,0.975769
894.000,0.975789
895.000,0.975808
896.000,0.975828
897.000,0.975847
898.000,0.975866
899.000,0.975885
900.000,0.975904
901.000,0.975923
902.000,0.975942
903.000,0.975961
904.000,0.975980
905.000,0.975998
906.000,0.976017
907.000,0.976036
908.000,0.976054
909.000,0.976072
910.000,0.976091
911.000,0.976109
912.000,0.976127
913.000,0.976145
914.000,0.976163
915.000,0.976181
916.000,0.976198
917.000,0.976216
918.000,0.976234
919.000,0.976251
920.000,0.976269
921.000,0.976286
922.000,0.976303
923.000,0.976321
924.000,0.976338
925.000,0.976355
926.000,0.976372
927.000,0.976389
928.000,0.976406
929.000,0.976423
930.000,0.976439
931.000,0.976456
932.000,0.976473
933.000,0.976489
934.000,0.976506
935.000,0.976522
936.000,0.976538
937.000,0.976555
938.000,0.976571
939.000,0.976587
940.000,0.976603
941.000,0.976619
942.000,0.976635
943.000,0.976651
944.000,0.976666
945.000,0.976682
946.000,0.976698
947.000,0.976713
948.000,0.976729
949.000,0.976744
950.000,0.976760
951.000,0.976775
952.000,0.976790
953.000,0.976805
954.000,0.976820
955.000,0.976835
956.000,0.976850
957.000,0.976865
958.000,0.976880
959.000,0.976895
960.000,0.976910
961.000,0.976924
962.000,0.976939
963.000,0.976954
964.000,0.976968
965.000,0.976983
966.000,0.976997
967.000,0.977011
968.000,0.977026
969.000,0.977040
970.000,0.977054
971.000,0.977068
972.000,0.977082
973.000,0.977096
974.000,0.977110
975.000,0.977124
976.000,0.977138
977.000,0.977152
978.000,0.977165
979.000,0.977179
980.000,0.977193
981.000,0.977206
982.000,0.977220
983.000,0.977233
984.000,0.977247
985.000,0.977260
986.000,0.977273
987.000,0.977286
988.000,0.977300
989.000,0.977313
990.000,0.977326
991.000,0.977339
992.000,0.977352
993.000,0.977365
994.000,0.977378
995.000,0.977390
996.000,0.977403
997.000,0.977416
998.000,0.977429
999.000,0.977441
1000.000,0.977454
1001.000,0.977466
1002.000,0.977479
1003.000,0.977491
1004.000,0.977504
1005.000,0.977516
1006.000,0.977528
1007.000,0.977541
1008.000,0.977553
1009.000,0.977565
1010.000,0.977577
1011.000,0.977589
1012.000,0.977601
1013.000,0.977613
1014.000,0.977625
1015.000,0.977637
1016.000,0.977649
1017.000,0.977661
1018.000,0.977673
1019.000,0.977684
1020.000,0.977696
1021.000,0.977708
1022.000,0.977719
1023.000,0.977731
1024.000,0.977742
1025.000,0.977754
1026.000,0.977765
1027.000,0.977777
1028.000,0.977788
1029.000,0.977799
1030.000,0.977810
1031.000,0.977822
1032.000,0.977833
1033.000,0.977844
1034.000,0.977855
1035.000,0.977866
1036.000,0.977877
1037.000,0.977888
1038.000,0.977899
1039.000,0.977910
1040.000,0.977920
1041.000,0.977931
1042.000,0.977942
1043.000,0.977953
1044.000,0.977963
1045.000,0.977974
1046.000,0.977985
1047.000,0.977995
1048.000,0.978006
1049.000,0.978016
1050.000,0.978027
1051.000,0.978037
1052.000,0.978048
1053.000,0.978058
1054.000,0.978068
1055.000,0.978078
1056.000,0.978089
1057.000,0.978099
1058.000,0.978109
1059.000,0.978119
1060.000,0.978129
1061.000,0.978139
1062.000,0.978149
1063.000,0.978159
1064.000,0.978169
1065.000,0.978179
1066.000,0.978189
1067.000,0.978199
1068.000,0.978209
1069.000,0.978219
1070.000,0.978228
1071.000,0.978238
1072.000,0.978248
1073.000,0.978257
1074.000,0.978267
1075.000,0.978276
1076.000,0.978286
1077.000,0.978296
1078.000,0.978305
1079.000,0.978314
1080.000,0.978324
1081.000,0.978333
1082.000,0.978342
1083.000,0.978352
1084.000,0.978361
1085.000,0.978370
1086.000,0.978380
1087.000,0.978389
1088.000,0.978398
1089.000,0.978407
1090.000,0.978416
1091.000,0.978425
1092.000,0.978434
1093.000,0.978443
1094.000,0.978452
1095.000,0.978461
1096.000,0.978470
1097.000,0.978479
1098.000,0.978488
1099.000,0.978497
1100.000,0.978505
1101.000,0.978514
1102.000,0.978523
1103.000,0.978532
1104.000,0.978540
1105.000,0.978549
1106.000,0.978557
1107.000,0.978566
1108.000,0.978575
1109.000,0.978583
1110.000,0.978592
1111.000,0.978600
1112.000,0.978608
1113.000,0.978617
1114.000,0.978625
1115.000,0.978634
1116.000,0.978642
1117.000,0.978650
1118.000,0.978658
1119.000,0.978667
1120.000,0.978675
1121.000,0.978683
1122.000,0.978691
1123.000,0.978699
1124.000,0.978708
1125.000,0.978716
1126.000,0.978724
1127.000,0.978732
1128.000,0.978740
1129.000,0.978748
1130.000,0.978756
1131.000,0.978764
1132.000,0.978772
1133.000,0.978779
1134.000,0.978787
1135.000,0.978795
1136.000,0.978803
1137.000,0.978811
1138.000,0.978818
1139.000,0.978826
1140.000,0.978834
1141.000,0.978842
1142.000,0.978849
1143.000,0.978857
1144.000,0.978864
1145.000,0.978872
1146.000,0.978880
1147.000,0.978887
1148.000,0.978895
1149.000,0.978902
1150.000,0.978910
1151.000,0.978917
1152.000,0.978924
1153.000,0.978932
1154.000,0.978939
1155.000,0.978947
1156.000,0.978954
1157.000,0.978961
1158.000,0.978968
1159.000,0.978976
1160.000,0.978983
1161.000,0.978990
1162.000,0.978997
1163.000,0.979004
1164.000,0.979012
1165.000,0.979019
1166.000,0.979026
1167.000,0.979033
1168.000,0.979040
1169.000,0.979047
1170.000,0.979054
1171.000,0.979061
1172.000,0.979068
1173.000,0.979075
1174.000,0.979082
1175.000,0.979088
1176.000,0.979095
1177.000,0.979102
1178.000,0.979109
1179.000,0.979116
1180.000,0.979123
1181.000,0.979129
1182.000,0.979136
1183.000,0.979143
1184.000,0.979150
1185.000,0.979156
1186.000,0.979163
1187.000,0.979170
1188.000,0.979176
1189.000,0.979183
1190.000,0.979190
1191.000,0.979196
1192.000,0.979203
1193.000,0.979209
1194.000,0.979216
1195.000,0.979222
1196.000,0.979229
1197.000,0.979235
1198.000,0.979241
1199.000,0.979248
1200.000,0.979254
1201.000,0.979261
1202.000,0.979267
1203.000,0.979273
1204.000,0.979280
1205.000,0.979286
1206.000,0.979292
1207.000,0.979298
1208.000,0.979305
1209.000,0.979311
1210.000,0.979317
1211.000,0.979323
1212.000,0.979329
1213.000,0.979336
1214.000,0.979342
1215.000,0.979348
1216.000,0.979354
1217.000,0.979360
1218.000,0.979366
1219.000,0.979372
1220.000,0.979378
1221.000,0.979384
1222.000,0.979390
1223.000,0.979396
1224.000,0.979402
1225.000,0.979408
1226.000,0.979414
1227.000,0.979420
1228.000,0.979426
1229.000,0.979431
1230.000,0.979437
1231.000,0.979443
1232.000,0.979449
1233.000,0.979455
1234.000,0.979461
1235.000,0.979466
1236.000,0.979472
1237.000,0.979478
1238.000,0.979484
1239.000,0.979489
1240.000,0.979495
1241.000,0.979501
1242.000,0.979506
1243.000,0.979512
1244.000,0.979517
1245.000,0.979523
1246.000,0.979529
1247.000,0.979534
1248.000,0.979540
1249.000,0.979545
1250.000,0.979551
1251.000,0.979556
1252.000,0.979562
1253.000,0.979567
1254.000,0.979573
1255.000,0.979578
1256.000,0.979584
1257.000,0.979589
1258.000,0.979594
1259.000,0.979600
1260.000,0.979605
1261.000,0.979611
1262.000,0.979616
1263.000,0.979621
1264.000,0.979626
1265.000,0.979632
1266.000,0.979637
1267.000,0.979642
1268.000,0.979648
1269.000,0.979653
1270.000,0.979658
1271.000,0.979663
1272.000,0.979668
1273.000,0.979674
1274.000,0.979679
1275.000,0.979684
1276.000,0.979689
1277.000,0.979694
1278.000,0.979699
1279.000,0.979704
1280.000,0.979709
1281.000,0.979714
1282.000,0.979719
1283.000,0.979724
1284.000,0.979729
1285.000,0.979734
1286.000,0.979739
1287.000,0.979744
1288.000,0.979749
1289.000,0.979754
1290.000,0.979759
1291.000,0.979764
1292.000,0.979769
1293.000,0.979774
1294.000,0.979779
1295.000,0.979784
1296.000,0.979789
1297.000,0.979793
1298.000,0.979798
1299.000,0.979803
1300.000,0.979808
1301.000,0.979813
1302.000,0.979817
1303.000,0.979822
1304.000,0.979827
1305.000,0.979832
1306.000,0.979836
1307.000,0.979841
1308.000,0.979846
1309.000,0.979850
1310.000,0.979855
1311.000,0.979860
1312.000,0.979864
1313.000,0.979869
1314.000,0.979874
1315.000,0.979878
1316.000,0.979883
1317.000,0.979888
1318.000,0.979892
1319.000,0.979897
1320.000,0.979901
1321.000,0.979906
1322.000,0.979910
1323.000,0.979915
1324.000,0.979919
1325.000,0.979924
1326.000,0.979928
1327.000,0.979933
1328.000,0.979937
1329.000,0.979942
1330.000,0.979946
1331.000,0.979950
1332.000,0.979955
1333.000,0.979959
1334.000,0.979964
1335.000,0.979968
1336.000,0.979972
1337.000,0.979977
1338.000,0.979981
1339.000,0.979985
1340.000,0.979990
1341.000,0.979994
1342.000,0.979998
1343.000,0.980003
1344.000,0.980007
1345.000,0.980011
1346.000,0.980015
1347.000,0.980020
1348.000,0.980024
1349.000,0.980028
1350.000,0.980032
1351.000,0.980036
1352.000,0.980040
1353.000,0.980045
1354.000,0.980049
1355.000,0.980053
1356.000,0.980057
1357.000,0.980061
1358.000,0.980065
1359.000,0.980069
1360.000,0.980074
1361.000,0.980078
1362.000,0.980082
1363.000,0.980086
1364.000,0.980090
1365.000,0.980094
1366.000,0.980098
1367.000,0.980102
1368.000,0.980106
1369.000,0.980110
1370.000,0.980114
1371.000,0.980118
1372.000,0.980122
1373.000,0.980126
1374.000,0.980130
1375.000,0.980134
1376.000,0.980138
1377.000,0.980142
1378.000,0.980146
1379.000,0.980149
1380.000,0.980153
1381.000,0.980157
1382.000,0.980161
1383.000,0.980165
1384.000,0.980169
1385.000,0.980173
1386.000,0.980176
1387.000,0.980180
1388.000,0.980184
1389.000,0.980188
1390.000,0.980192
1391.000,0.980195
1392.000,0.980199
1393.000,0.980203
1394.000,0.980207
1395.000,0.980210
1396.000,0.980214
1397.000,0.980218
1398.000,0.980222
1399.000,0.980225
1400.000,0.980229
1401.000,0.980233
1402.000,0.980236
1403.000,0.980240
1404.000,0.980244
1405.000,0.980247
1406.000,0.980251
1407.000,0.980255
1408.000,0.980258
1409.000,0.980262
1410.000,0.980266
1411.000,0.980269
1412.000,0.980273
1413.000,0.980276
1414.000,0.980280
1415.000,0.980283
1416.000,0.980287
1417.000,0.980291
1418.000,0.980294
1419.000,0.980298
1420.000,0.980301
1421.000,0.980305
1422.000,0.980308
1423.000,0.980312
1424.000,0.980315
1425.000,0.980319
1426.000,0.980322
1427.000,0.980326
1428.000,0.980329
1429.000,0.980333
1430.000,0.980336
1431.000,0.980339
1432.000,0.980343
1433.000,0.980346
1434.000,0.980349
1435.000,0.980353
1436.000,0.980356
1437.000,0.980360
1438.000,0.980363
1439.000,0.980366
1440.000,0.980370
1441.000,0.980373
1442.000,0.980376
1443.000,0.980380
1444.000,0.980383
1445.000,0.980386
1446.000,0.980390
1447.000,0.980393
1448.000,0.980396
1449.000,0.980400
1450.000,0.980403
1451.000,0.980406
1452.000,0.980409
1453.000,0.980413
1454.000,0.980416
1455.000,0.980419
1456.000,0.980422
1457.000,0.980426
1458.000,0.980429
1459.000,0.980432
1460.000,0.980435
1461.000,0.980438
1462.000,0.980441
1463.000,0.980445
1464.000,0.980448
1465.000,0.980451
1466.000,0.980454
1467.000,0.980457
1468.000,0.980460
1469.000,0.980464
1470.000,0.980467
1471.000,0.980470
1472.000,0.980473
1473.000,0.980476
1474.000,0.980479
1475.000,0.980482
1476.000,0.980485
1477.000,0.980488
1478.000,0.980491
1479.000,0.980494
1480.000,0.980498
1481.000,0.980501
1482.000,0.980504
1483.000,0.980507
1484.000,0.980510
1485.000,0.980513
1486.000,0.980516
1487.000,0.980519
1488.000,0.980522
1489.000,0.980525
1490.000,0.980528
1491.000,0.980531
1492.000,0.980533
1493.000,0.980536
1494.000,0.980539
1495.000,0.980542
1496.000,0.980545
1497.000,0.980548
1498.000,0.980551
1499.000,0.980554
1500.000,0.980557
1501.000,0.980560
1502.000,0.980563
1503.000,0.980566
1504.000,0.980569
1505.000,0.980571
1506.000,0.980574
1507.000,0.980577
1508.000,0.980580
1509.000,0.980583
1510.000,0.980586
1511.000,0.980589
1512.000,0.980591
1513.000,0.980594
1514.000,0.980597
1515.000,0.980600
1516.000,0.980603
1517.000,0.980605
1518.000,0.980608
1519.000,0.980611
1520.000,0.980614
1521.000,0.980617
1522.000,0.980619
1523.000,0.980622
1524.000,0.980625
1525.000,0.980628
1526.000,0.980630
1527.000,0.980633
1528.000,0.980636
1529.000,0.980638
1530.000,0.980641
1531.000,0.980644
1532.000,0.980647
1533.000,0.980649
1534.000,0.980652
1535.000,0.980655
1536.000,0.980657
1537.000,0.980660
1538.000,0.980663
1539.000,0.980665
1540.000,0.980668
1541.000,0.980671
1542.000,0.980673
1543.000,0.980676
1544.000,0.980679
1545.000,0.980681
1546.000,0.980684
1547.000,0.980686
1548.000,0.980689
1549.000,0.980692
1550.000,0.980694
1551.000,0.980697
1552.000,0.980699
1553.000,0.980702
1554.000,0.980705
1555.000,0.980707
1556.000,0.980710
1557.000,0.980712
1558.000,0.980715
1559.000,0.980717
1560.000,0.980720
1561.000,0.980723
1562.000,0.980725
1563.000,0.980728
1564.000,0.980730
1565.000,0.980733
1566.000,0.980735
1567.000,0.980738
1568.000,0.980740
1569.000,0.980743
1570.000,0.980745
1571.000,0.980747
1572.000,0.980750
1573.000,0.980752
1574.000,0.980755
1575.000,0.980757
1576.000,0.980760
1577.000,0.980762
1578.000,0.980765
1579.000,0.980767
1580.000,0.980770
1581.000,0.980772
1582.000,0.980774
1583.000,0.980777
1584.000,0.980779
1585.000,0.980782
1586.000,0.980784
1587.000,0.980786
1588.000,0.980789
1589.000,0.980791
1590.000,0.980794
1591.000,0.980796
1592.000,0.980798
1593.000,0.980801
1594.000,0.980803
1595.000,0.980805
1596.000,0.980808
1597.000,0.980810
1598.000,0.980812
1599.000,0.980815
1600.000,0.980817
1601.000,0.980819
1602.000,0.980822
1603.000,0.980824
1604.000,0.980826
1605.000,0.980829
1606.000,0.980831
1607.000,0.980833
1608.000,0.980836
1609.000,0.980838
1610.000,0.980840
1611.000,0.980842
1612.000,0.980845
1613.000,0.980847
1614.000,0.980849
1615.000,0.980851
1616.000,0.980854
1617.000,0.980856
1618.000,0.980858
1619.000,0.980860
1620.000,0.980863
1621.000,0.980865
1622.000,0.980867
1623.000,0.980869
1624.000,0.980871
1625.000,0.980874
1626.000,0.980876
1627.000,0.980878
1628.000,0.980880
1629.000,0.980882
1630.000,0.980885
1631.000,0.980887
1632.000,0.980889
1633.000,0.980891
1634.000,0.980893
1635.000,0.980895
1636.000,0.980898
1637.000,0.980900
1638.000,0.980902
1639.000,0.980904
1640.000,0.980906
1641.000,0.980908
1642.000,0.980910
1643.000,0.980913
1644.000,0.980915
1645.000,0.980917
1646.000,0.980919
1647.000,0.980921
1648.000,0.980923
1649.000,0.980925
1650.000,0.980927
1651.000,0.980929
1652.000,0.980932
1653.000,0.980934
1654.000,0.980936
1655.000,0.980938
1656.000,0.980940
1657.000,0.980942
1658.000,0.980944
1659.000,0.980946
1660.000,0.980948
1661.000,0.980950
1662.000,0.980952
1663.000,0.980954
1664.000,0.980956
1665.000,0.980958
1666.000,0.980960
1667.000,0.980962
1668.000,0.980964
1669.000,0.980966
1670.000,0.980968
1671.000,0.980970
1672.000,0.980972
1673.000,0.980974
1674.000,0.980976
1675.000,0.980978
1676.000,0.980980
1677.000,0.980982
1678.000,0.980984
1679.000,0.980986
1680.000,0.980988
1681.000,0.980990
1682.000,0.980992
1683.000,0.980994
1684.000,0.980996
1685.000,0.980998
1686.000,0.981000
1687.000,0.981002
1688.000,0.981004
1689.000,0.981006
1690.000,0.981008
1691.000,0.981010
1692.000,0.981011
1693.000,0.981013
1694.000,0.981015
1695.000,0.981017
1696.000,0.981019
1697.000,0.981021
1698.000,0.981023
1699.000,0.981025
1700.000,0.981027
1701.000,0.981029
1702.000,0.981030
1703.000,0.981032
1704.000,0.981034
1705.000,0.981036
1706.000,0.981038
1707.000,0.981040
1708.000,0.981042
1709.000,0.981043
1710.000,0.981045
1711.000,0.981047
1712.000,0.981049
1713.000,0.981051
1714.000,0.981053
1715.000,0.981055
1716.000,0.981056
1717.000,0.981058
1718.000,0.981060
1719.000,0.981062
1720.000,0.981064
1721.000,0.981065
1722.000,0.981067
1723.000,0.981069
1724.000,0.981071
1725.000,0.981073
1726.000,0.981074
1727.000,0.981076
1728.000,0.981078
1729.000,0.981080
1730.000,0.981082
1731.000,0.981083
1732.000,0.981085
1733.000,0.981087
1734.000,0.981089
1735.000,0.981090
1736.000,0.981092
1737.000,0.981094
1738.000,0.981096
1739.000,0.981097
1740.000,0.981099
1741.000,0.981101
1742.000,0.981103
1743.000,0.981104
1744.000,0.981106
1745.000,0.981108
1746.000,0.981109
1747.000,0.981111
1748.000,0.981113
1749.000,0.981115
1750.000,0.981116
1751.000,0.981118
1752.000,0.981120
1753.000,0.981121
1754.000,0.981123
1755.000,0.981125
1756.000,0.981126
1757.000,0.981128
1758.000,0.981130
1759.000,0.981132
1760.000,0.981133
1761.000,0.981135
1762.000,0.981137
1763.000,0.981138
1764.000,0.981140
1765.000,0.981142
1766.000,0.981143
1767.000,0.981145
1768.000,0.981146
1769.000,0.981148
1770.000,0.981150
1771.000,0.981151
1772.000,0.981153
1773.000,0.981155
1774.000,0.981156
1775.000,0.981158
1776.000,0.981160
1777.000,0.981161
1778.000,0.981163
1779.000,0.981164
1780.000,0.981166
1781.000,0.981168
1782.000,0.981169
1783.000,0.981171
1784.000,0.981172
1785.000,0.981174
1786.000,0.981176
1787.000,0.981177
1788.000,0.981179
1789.000,0.981180
1790.000,0.981182
1791.000,0.981184
1792.000,0.981185
1793.000,0.981187
1794.000,0.981188
1795.000,0.981190
1796.000,0.981191
1797.000,0.981193
1798.000,0.981194
1799.000,0.981196
1800.000,0.981198
1801.000,0.981199
1802.000,0.981201
1803.000,0.981202
1804.000,0.981204
1805.000,0.981205
1806.000,0.981207
1807.000,0.981208
1808.000,0.981210
1809.000,0.981211
1810.000,0.981213
1811.000,0.981214
1812.000,0.981216
1813.000,0.981217
1814.000,0.981219
1815.000,0.981220
1816.000,0.981222
1817.000,0.981223
1818.000,0.981225
1819.000,0.981226
1820.000,0.981228
1821.000,0.981229
1822.000,0.981231
1823.000,0.981232
1824.000,0.981234
1825.000,0.981235
1826.000,0.981237
1827.000,0.981238
1828.000,0.981240
1829.000,0.981241
1830.000,0.981243
1831.000,0.981244
1832.000,0.981246
1833.000,0.981247
1834.000,0.981248
1835.000,0.981250
1836.000,0.981251
1837.000,0.981253
1838.000,0.981254
1839.000,0.981256
1840.000,0.981257
1841.000,0.981258
1842.000,0.981260
1843.000,0.981261
1844.000,0.981263
1845.000,0.981264
1846.000,0.981266
1847.000,0.981267
1848.000,0.981268
1849.000,0.981270
1850.000,0.981271
1851.000,0.981273
1852.000,0.981274
1853.000,0.981275
1854.000,0.981277
1855.000,0.981278
1856.000,0.981280
1857.000,0.981281
1858.000,0.981282
1859.000,0.981284
1860.000,0.981285
1861.000,0.981287
1862.000,0.981288
1863.000,0.981289
1864.000,0.981291
1865.000,0.981292
1866.000,0.981293
1867.000,0.981295
1868.000,0.981296
1869.000,0.981298
1870.000,0.981299
1871.000,0.981300
1872.000,0.981302
1873.000,0.981303
1874.000,0.981304
1875.000,0.981306
1876.000,0.981307
1877.000,0.981308
1878.000,0.981310
1879.000,0.981311
1880.000,0.981312
1881.000,0.981314
1882.000,0.981315
1883.000,0.981316
1884.000,0.981318
1885.000,0.981319
1886.000,0.981320
1887.000,0.981322
1888.000,0.981323
1889.000,0.981324
1890.000,0.981325
1891.000,0.981327
1892.000,0.981328
1893.000,0.981329
1894.000,0.981331
1895.000,0.981332
1896.000,0.981333
1897.000,0.981335
1898.000,0.981336
1899.000,0.981337
1900.000,0.981338
1901.000,0.981340
1902.000,0.981341
1903.000,0.981342
1904.000,0.981344
1905.000,0.981345
1906.000,0.981346
1907.000,0.981347
1908.000,0.981349
1909.000,0.981350
1910.000,0.981351
1911.000,0.981352
1912.000,0.981354
1913.000,0.981355
1914.000,0.981356
1915.000,0.981357
1916.000,0.981359
1917.000,0.981360
1918.000,0.981361
1919.000,0.981362
1920.000,0.981364
1921.000,0.981365
1922.000,0.981366
1923.000,0.981367
1924.000,0.981369
1925.000,0.981370
1926.000,0.981371
1927.000,0.981372
1928.000,0.981373
1929.000,0.981375
1930.000,0.981376
1931.000,0.981377
1932.000,0.981378
1933.000,0.981379
1934.000,0.981381
1935.000,0.981382
1936.000,0.981383
1937.000,0.981384
1938.000,0.981385
1939.000,0.981387
1940.000,0.981388
1941.000,0.981389
1942.000,0.981390
1943.000,0.981391
1944.000,0.981393
1945.000,0.981394
1946.000,0.981395
1947.000,0.981396
1948.000,0.981397
1949.000,0.981398
1950.000,0.981400
1951.000,0.981401
1952.000,0.981402
1953.000,0.981403
1954.000,0.981404
1955.000,0.981405
1956.000,0.981407
1957.000,0.981408
1958.000,0.981409
1959.000,0.981410
1960.000,0.981411
1961.000,0.981412
1962.000,0.981414
1963.000,0.981415
1964.000,0.981416
1965.000,0.981417
1966.000,0.981418
1967.000,0.981419
1968.000,0.981420
1969.000,0.981422
1970.000,0.981423
1971.000,0.981424
1972.000,0.981425
1973.000,0.981426
1974.000,0.981427
1975.000,0.981428
1976.000,0.981429
1977.000,0.981430
1978.000,0.981432
1979.000,0.981433
1980.000,0.981434
1981.000,0.981435
1982.000,0.981436
1983.000,0.981437
1984.000,0.981438
1985.000,0.981439
1986.000,0.981440
1987.000,0.981441
1988.000,0.981443
1989.000,0.981444
1990.000,0.981445
1991.000,0.981446
1992.000,0.981447
1993.000,0.981448
1994.000,0.981449
1995.000,0.981450
1996.000,0.981451
1997.000,0.981452
1998.000,0.981453
1999.000,0.981454
2000.000,0.981456
2001.000,0.981457
2002.000,0.981458
2003.000,0.981459
2004.000,0.981460
2005.000,0.981461
2006.000,0.981462
2007.000,0.981463
2008.000,0.981464
2009.000,0.981465
2010.000,0.981466
2011.000,0.981467
2012.000,0.981468
2013.000,0.981469
2014.000,0.981470
2015.000,0.981471
2016.000,0.981472
2017.000,0.981473
2018.000,0.981474
2019.000,0.981476
2020.000,0.981477
2021.000,0.981478
2022.000,0.981479
2023.000,0.981480
2024.000,0.981481
2025.000,0.981482
2026.000,0.981483
2027.000,0.981484
2028.000,0.981485
2029.000,0.981486
2030.000,0.981487
2031.000,0.981488
2032.000,0.981489
2033.000,0.981490
2034.000,0.981491
2035.000,0.981492
2036.000,0.981493
2037.000,0.981494
2038.000,0.981495
2039.000,0.981496
2040.000,0.981497
2041.000,0.981498
2042.000,0.981499
2043.000,0.981500
2044.000,0.981501
2045.000,0.981502
2046.000,0.981503
2047.000,0.981504
2048.000,0.981505
2049.000,0.981506
2050.000,0.981507
2051.000,0.981508
2052.000,0.981509
2053.000,0.981510
2054.000,0.981511
2055.000,0.981512
2056.000,0.981513
2057.000,0.981514
2058.000,0.981515
2059.000,0.981515
2060.000,0.981516
2061.000,0.981517
2062.000,0.981518
2063.000,0.981519
2064.000,0.981520
2065.000,0.981521
2066.000,0.981522
2067.000,0.981523
2068.000,0.981524
2069.000,0.981525
2070.000,0.981526
2071.000,0.981527
2072.000,0.981528
2073.000,0.981529
2074.000,0.981530
2075.000,0.981531
2076.000,0.981532
2077.000,0.981532
2078.000,0.981533
2079.000,0.981534
2080.000,0.981535
2081.000,0.981536
2082.000,0.981537
2083.000,0.981538
2084.000,0.981539
2085.000,0.981540
2086.000,0.981541
2087.000,0.981542
2088.000,0.981543
2089.000,0.981544
2090.000,0.981545
2091.000,0.981546
2092.000,0.981546
2093.000,0.981547
2094.000,0.981548
2095.000,0.981549
2096.000,0.981550
2097.000,0.981551
2098.000,0.981552
2099.000,0.981553
2100.000,0.981554
2101.000,0.981554
2102.000,0.981555
2103.000,0.981556
2104.000,0.981557
2105.000,0.981558
2106.000,0.981559
2107.000,0.981560
2108.000,0.981561
2109.000,0.981562
2110.000,0.981562
2111.000,0.981563
2112.000,0.981564
2113.000,0.981565
2114.000,0.981566
2115.000,0.981567
2116.000,0.981568
2117.000,0.981569
2118.000,0.981569
2119.000,0.981570
2120.000,0.981571
2121.000,0.981572
2122.000,0.981573
2123.000,0.981574
2124.000,0.981575
2125.000,0.981576
2126.000,0.981576
2127.000,0.981577
2128.000,0.981578
2129.000,0.981579
2130.000,0.981580
2131.000,0.981581
2132.000,0.981582
2133.000,0.981582
2134.000,0.981583
2135.000,0.981584
2136.000,0.981585
2137.000,0.981586
2138.000,0.981587
2139.000,0.981587
2140.000,0.981588
2141.000,0.981589
2142.000,0.981590
2143.000,0.981591
2144.000,0.981592
2145.000,0.981592
2146.000,0.981593
2147.000,0.981594
2148.000,0.981595
2149.000,0.981596
2150.000,0.981597
2151.000,0.981597
2152.000,0.981598
2153.000,0.981599
2154.000,0.981600
2155.000,0.981601
2156.000,0.981601
2157.000,0.981602
2158.000,0.981603
2159.000,0.981604
2160.000,0.981605
2161.000,0.981605
2162.000,0.981606
2163.000,0.981607
2164.000,0.981608
2165.000,0.981609
2166.000,0.981610
2167.000,0.981610
2168.000,0.981611
2169.000,0.981612
2170.000,0.981613
2171.000,0.981614
2172.000,0.981614
2173.000,0.981615
2174.000,0.981616
2175.000,0.981617
2176.000,0.981618
2177.000,0.981618
2178.000,0.981619
2179.000,0.981620
2180.000,0.981621
2181.000,0.981621
2182.000,0.981622
2183.000,0.981623
2184.000,0.981624
2185.000,0.981625
2186.000,0.981625
2187.000,0.981626
2188.000,0.981627
2189.000,0.981628
2190.000,0.981628
2191.000,0.981629
2192.000,0.981630
2193.000,0.981631
2194.000,0.981631
2195.000,0.981632
2196.000,0.981633
2197.000,0.981634
2198.000,0.981635
2199.000,0.981635
2200.000,0.981636
2201.000,0.981637
2202.000,0.981638
2203.000,0.981638
2204.000,0.981639
2205.000,0.981640
2206.000,0.981641
2207.000,0.981641
2208.000,0.981642
2209.000,0.981643
2210.000,0.981643
2211.000,0.981644
2212.000,0.981645
2213.000,0.981646
2214.000,0.981646
2215.000,0.981647
2216.000,0.981648
2217.000,0.981649
2218.000,0.981649
2219.000,0.981650
2220.000,0.981651
2221.000,0.981652
2222.000,0.981652
2223.000,0.981653
2224.000,0.981654
2225.000,0.981655
2226.000,0.981655
2227.000,0.981656
2228.000,0.981657
2229.000,0.981657
2230.000,0.981658
2231.000,0.981659
2232.000,0.981660
2233.000,0.981660
2234.000,0.981661
2235.000,0.981662
2236.000,0.981662
2237.000,0.981663
2238.000,0.981664
2239.000,0.981665
2240.000,0.981665
2241.000,0.981666
2242.000,0.981667
2243.000,0.981667
2244.000,0.981668
2245.000,0.981669
2246.000,0.981670
2247.000,0.981670
2248.000,0.981671
2249.000,0.981672
2250.000,0.981672
2251.000,0.981673
2252.000,0.981674
2253.000,0.981674
2254.000,0.981675
2255.000,0.981676
2256.000,0.981676
2257.000,0.981677
2258.000,0.981678
2259.000,0.981678
2260.000,0.981679
2261.000,0.981680
2262.000,0.981681
2263.000,0.981681
2264.000,0.981682
2265.000,0.981683
2266.000,0.981683
2267.000,0.981684
2268.000,0.981685
2269.000,0.981685
2270.000,0.981686
2271.000,0.981687
2272.000,0.981687
2273.000,0.981688
2274.000,0.981689
2275.000,0.981689
2276.000,0.981690
2277.000,0.981691
2278.000,0.981691
2279.000,0.981692
2280.000,0.981693
2281.000,0.981693
2282.000,0.981694
2283.000,0.981695
2284.000,0.981695
2285.000,0.981696
2286.000,0.981697
2287.000,0.981697
2288.000,0.981698
2289.000,0.981699
2290.000,0.981699
2291.000,0.981700
2292.000,0.981700
2293.000,0.981701
2294.000,0.981702
2295.000,0.981702
2296.000,0.981703
2297.000,0.981704
2298.000,0.981704
2299.000,0.981705
2300.000,0.981706
2301.000,0.981706
2302.000,0.981707
2303.000,0.981708
2304.000,0.981708
2305.000,0.981709
2306.000,0.981709
2307.000,0.981710
2308.000,0.981711
2309.000,0.981711
2310.000,0.981712
2311.000,0.981713
2312.000,0.981713
2313.000,0.981714
2314.000,0.981714
2315.000,0.981715
2316.000,0.981716
2317.000,0.981716
2318.000,0.981717
2319.000,0.981718
2320.000,0.981718
2321.000,0.981719
2322.000,0.981719
2323.000,0.981720
2324.000,0.981721
2325.000,0.981721
2326.000,0.981722
2327.000,0.981722
2328.000,0.981723
2329.000,0.981724
2330.000,0.981724
2331.000,0.981725
2332.000,0.981725
2333.000,0.981726
2334.000,0.981727
2335.000,0.981727
2336.000,0.981728
2337.000,0.981728
2338.000,0.981729
2339.000,0.981730
2340.000,0.981730
2341.000,0.981731
2342.000,0.981731
2343.000,0.981732
2344.000,0.981733
2345.000,0.981733
2346.000,0.981734
2347.000,0.981734
2348.000,0.981735
2349.000,0.981736
2350.000,0.981736
2351.000,0.981737
2352.000,0.981737
2353.000,0.981738
2354.000,0.981739
2355.000,0.981739
2356.000,0.981740
2357.000,0.981740
2358.000,0.981741
2359.000,0.981741
2360.000,0.981742
2361.000,0.981743
2362.000,0.981743
2363.000,0.981744
2364.000,0.981744
2365.000,0.981745
2366.000,0.981745
2367.000,0.981746
2368.000,0.981747
2369.000,0.981747
2370.000,0.981748
2371.000,0.981748
2372.000,0.981749
2373.000,0.981749
2374.000,0.981750
2375.000,0.981751
2376.000,0.981751
2377.000,0.981752
2378.000,0.981752
2379.000,0.981753
2380.000,0.981753
2381.000,0.981754
2382.000,0.981755
2383.000,0.981755
2384.000,0.981756
2385.000,0.981756
2386.000,0.981757
2387.000,0.981757
2388.000,0.981758
2389.000,0.981758
2390.000,0.981759
2391.000,0.981760
2392.000,0.981760
2393.000,0.981761
2394.000,0.981761
2395.000,0.981762
2396.000,0.981762
2397.000,0.981763
2398.000,0.981763
2399.000,0.981764
2400.000,0.981764
2401.000,0.981765
2402.000,0.981766
2403.000,0.981766
2404.000,0.981767
2405.000,0.981767
2406.000,0.981768
2407.000,0.981768
2408.000,0.981769
2409.000,0.981769
2410.000,0.981770
2411.000,0.981770
2412.000,0.981771
2413.000,0.981771
2414.000,0.981772
2415.000,0.981772
2416.000,0.981773
2417.000,0.981773
2418.000,0.981774
2419.000,0.981775
2420.000,0.981775
2421.000,0.981776
2422.000,0.981776
2423.000,0.981777
2424.000,0.981777
2425.000,0.981778
2426.000,0.981778
2427.000,0.981779
2428.000,0.981779
2429.000,0.981780
2430.000,0.981780
2431.000,0.981781
2432.000,0.981781
2433.000,0.981782
2434.000,0.981782
2435.000,0.981783
2436.000,0.981783
2437.000,0.981784
2438.000,0.981784
2439.000,0.981785
2440.000,0.981785
2441.000,0.981786
2442.000,0.981786
2443.000,0.981787
2444.000,0.981787
2445.000,0.981788
2446.000,0.981788
2447.000,0.981789
2448.000,0.981789
2449.000,0.981790
2450.000,0.981790
2451.000,0.981791
2452.000,0.981791
2453.000,0.981792
2454.000,0.981792
2455.000,0.981793
2456.000,0.981793
2457.000,0.981794
2458.000,0.981794
2459.000,0.981795
2460.000,0.981795
2461.000,0.981796
2462.000,0.981796
2463.000,0.981797
2464.000,0.981797
2465.000,0.981798
2466.000,0.981798
2467.000,0.981799
2468.000,0.981799
2469.000,0.981800
2470.000,0.981800
2471.000,0.981801
2472.000,0.981801
2473.000,0.981802
2474.000,0.981802
2475.000,0.981802
2476.000,0.981803
2477.000,0.981803
2478.000,0.981804
2479.000,0.981804
2480.000,0.981805
2481.000,0.981805
2482.000,0.981806
2483.000,0.981806
2484.000,0.981807
2485.000,0.981807
2486.000,0.981808
2487.000,0.981808
2488.000,0.981809
2489.000,0.981809
2490.000,0.981810
2491.000,0.981810
2492.000,0.981810
2493.000,0.981811
2494.000,0.981811
2495.000,0.981812
2496.000,0.981812
2497.000,0.981813
2498.000,0.981813
2499.000,0.981814
2500.000,0.981814
2501.000,0.981815
2502.000,0.981815
2503.000,0.981815
2504.000,0.981816
2505.000,0.981816
2506.000,0.981817
2507.000,0.981817
2508.000,0.981818
2509.000,0.981818
2510.000,0.981819
2511.000,0.981819
2512.000,0.981819
2513.000,0.981820
2514.000,0.981820
2515.000,0.981821
2516.000,0.981821
2517.000,0.981822
2518.000,0.981822
2519.000,0.981823
2520.000,0.981823
2521.000,0.981823
2522.000,0.981824
2523.000,0.981824
2524.000,0.981825
2525.000,0.981825
2526.000,0.981826
2527.000,0.981826
2528.000,0.981827
2529.000,0.981827
2530.000,0.981827
2531.000,0.981828
2532.000,0.981828
2533.000,0.981829
2534.000,0.981829
2535.000,0.981830
2536.000,0.981830
2537.000,0.981830
2538.000,0.981831
2539.000,0.981831
2540.000,0.981832
2541.000,0.981832
2542.000,0.981833
2543.000,0.981833
2544.000,0.981833
2545.000,0.981834
2546.000,0.981834
2547.000,0.981835
2548.000,0.981835
2549.000,0.981835
2550.000,0.981836
2551.000,0.981836
2552.000,0.981837
2553.000,0.981837
2554.000,0.981838
2555.000,0.981838
2556.000,0.981838
2557.000,0.981839
2558.000,0.981839
2559.000,0.981840
2560.000,0.981840
2561.000,0.981841
2562.000,0.981841
2563.000,0.981841
2564.000,0.981842
2565.000,0.981842
2566.000,0.981843
2567.000,0.981843
2568.000,0.981843
2569.000,0.981844
2570.000,0.981844
2571.000,0.981845
2572.000,0.981845
2573.000,0.981845
2574.000,0.981846
2575.000,0.981846
2576.000,0.981847
2577.000,0.981847
2578.000,0.981847
2579.000,0.981848
2580.000,0.981848
2581.000,0.981849
2582.000,0.981849
2583.000,0.981849
2584.000,0.981850
2585.000,0.981850
2586.000,0.981851
2587.000,0.981851
2588.000,0.981851
2589.000,0.981852
2590.000,0.981852
2591.000,0.981852
2592.000,0.981853
2593.000,0.981853
2594.000,0.981854
2595.000,0.981854
2596.000,0.981854
2597.000,0.981855
2598.000,0.981855
2599.000,0.981856
2600.000,0.981856
2601.000,0.981856
2602.000,0.981857
2603.000,0.981857
2604.000,0.981857
2605.000,0.981858
2606.000,0.981858
2607.000,0.981859
2608.000,0.981859
2609.000,0.981859
2610.000,0.981860
2611.000,0.981860
2612.000,0.981860
2613.000,0.981861
2614.000,0.981861
2615.000,0.981862
2616.000,0.981862
2617.000,0.981862
2618.000,0.981863
2619.000,0.981863
2620.000,0.981864
2621.000,0.981864
2622.000,0.981864
2623.000,0.981865
2624.000,0.981865
2625.000,0.981865
2626.000,0.981866
2627.000,0.981866
2628.000,0.981867
2629.000,0.981867
2630.000,0.981867
2631.000,0.981868
2632.000,0.981868
2633.000,0.981868
2634.000,0.981869
2635.000,0.981869
2636.000,0.981869
2637.000,0.981870
2638.000,0.981870
2639.000,0.981870
2640.000,0.981871
2641.000,0.981871
2642.000,0.981872
2643.000,0.981872
2644.000,0.981872
2645.000,0.981873
2646.000,0.981873
2647.000,0.981873
2648.000,0.981874
2649.000,0.981874
2650.000,0.981874
2651.000,0.981875
2652.000,0.981875
2653.000,0.981875
2654.000,0.981876
2655.000,0.981876
2656.000,0.981876
2657.000,0.981877
2658.000,0.981877
2659.000,0.981877
2660.000,0.981878
2661.000,0.981878
2662.000,0.981878
2663.000,0.981879
2664.000,0.981879
2665.000,0.981879
2666.000,0.981880
2667.000,0.981880
2668.000,0.981880
2669.000,0.981881
2670.000,0.981881
2671.000,0.981881
2672.000,0.981882
2673.000,0.981882
2674.000,0.981882
2675.000,0.981883
2676.000,0.981883
2677.000,0.981884
2678.000,0.981884
2679.000,0.981884
2680.000,0.981885
2681.000,0.981885
2682.000,0.981885
2683.000,0.981886
2684.000,0.981886
2685.000,0.981886
2686.000,0.981887
2687.000,0.981887
2688.000,0.981887
2689.000,0.981888
2690.000,0.981888
2691.000,0.981888
2692.000,0.981889
2693.000,0.981889
2694.000,0.981889
2695.000,0.981889
2696.000,0.981890
2697.000,0.981890
2698.000,0.981890
2699.000,0.981891
2700.000,0.981891
2701.000,0.981891
2702.000,0.981892
2703.000,0.981892
2704.000,0.981892
2705.000,0.981893
2706.000,0.981893
2707.000,0.981893
2708.000,0.981894
2709.000,0.981894
2710.000,0.981894
2711.000,0.981895
2712.000,0.981895
2713.000,0.981895
2714.000,0.981895
2715.000,0.981896
2716.000,0.981896
2717.000,0.981896
2718.000,0.981897
2719.000,0.981897
2720.000,0.981897
2721.000,0.981898
2722.000,0.981898
2723.000,0.981898
2724.000,0.981899
2725.000,0.981899
2726.000,0.981899
2727.000,0.981899
2728.000,0.981900
2729.000,0.981900
2730.000,0.981900
2731.000,0.981901
2732.000,0.981901
2733.000,0.981901
2734.000,0.981902
2735.000,0.981902
2736.000,0.981902
2737.000,0.981902
2738.000,0.981903
2739.000,0.981903
2740.000,0.981903
2741.000,0.981904
2742.000,0.981904
2743.000,0.981904
2744.000,0.981905
2745.000,0.981905
2746.000,0.981905
2747.000,0.981905
2748.000,0.981906
2749.000,0.981906
2750.000,0.981906
2751.000,0.981907
2752.000,0.981907
2753.000,0.981907
2754.000,0.981907
2755.000,0.981908
2756.000,0.981908
2757.000,0.981908
2758.000,0.981909
2759.000,0.981909
2760.000,0.981909
2761.000,0.981909
2762.000,0.981910
2763.000,0.981910
2764.000,0.981910
2765.000,0.981911
2766.000,0.981911
2767.000,0.981911
2768.000,0.981911
2769.000,0.981912
2770.000,0.981912
2771.000,0.981912
2772.000,0.981913
2773.000,0.981913
2774.000,0.981913
2775.000,0.981913
2776.000,0.981914
2777.000,0.981914
2778.000,0.981914
2779.000,0.981915
2780.000,0.981915
2781.000,0.981915
2782.000,0.981915
2783.000,0.981916
2784.000,0.981916
2785.000,0.981916
2786.000,0.981916
2787.000,0.981917
2788.000,0.981917
2789.000,0.981917
2790.000,0.981918
2791.000,0.981918
2792.000,0.981918
2793.000,0.981918
2794.000,0.981919
2795.000,0.981919
2796.000,0.981919
2797.000,0.981919
2798.000,0.981920
2799.000,0.981920
2800.000,0.981920
2801.000,0.981920
2802.000,0.981921
2803.000,0.981921
2804.000,0.981921
2805.000,0.981921
2806.000,0.981922
2807.000,0.981922
2808.000,0.981922
2809.000,0.981923
2810.000,0.981923
2811.000,0.981923
2812.000,0.981923
2813.000,0.981924
2814.000,0.981924
2815.000,0.981924
2816.000,0.981924
2817.000,0.981925
2818.000,0.981925
2819.000,0.981925
2820.000,0.981925
2821.000,0.981926
2822.000,0.981926
2823.000,0.981926
2824.000,0.981926
2825.000,0.981927
2826.000,0.981927
2827.000,0.981927
2828.000,0.981927
2829.000,0.981928
2830.000,0.981928
2831.000,0.981928
2832.000,0.981928
2833.000,0.981929
2834.000,0.981929
2835.000,0.981929
2836.000,0.981929
2837.000,0.981930
2838.000,0.981930
2839.000,0.981930
2840.000,0.981930
2841.000,0.981931
2842.000,0.981931
2843.000,0.981931
2844.000,0.981931
2845.000,0.981931
2846.000,0.981932
2847.000,0.981932
2848.000,0.981932
2849.000,0.981932
2850.000,0.981933
2851.000,0.981933
2852.000,0.981933
2853.000,0.981933
2854.000,0.981934
2855.000,0.981934
2856.000,0.981934
2857.000,0.981934
2858.000,0.981935
2859.000,0.981935
2860.000,0.981935
2861.000,0.981935
2862.000,0.981936
2863.000,0.981936
2864.000,0.981936
2865.000,0.981936
2866.000,0.981936
2867.000,0.981937
2868.000,0.981937
2869.000,0.981937
2870.000,0.981937
2871.000,0.981938
2872.000,0.981938
2873.000,0.981938
2874.000,0.981938
2875.000,0.981939
2876.000,0.981939
2877.000,0.981939
2878.000,0.981939
2879.000,0.981939
2880.000,0.981940
2881.000,0.981940
2882.000,0.981940
2883.000,0.981940
2884.000,0.981940
2885.000,0.981941
2886.000,0.981941
2887.000,0.981941
2888.000,0.981941
2889.000,0.981942
2890.000,0.981942
2891.000,0.981942
2892.000,0.981942
2893.000,0.981942
2894.000,0.981943
2895.000,0.981943
2896.000,0.981943
2897.000,0.981943
2898.000,0.981944
2899.000,0.981944
2900.000,0.981944
2901.000,0.981944
2902.000,0.981944
2903.000,0.981945
2904.000,0.981945
2905.000,0.981945
2906.000,0.981945
2907.000,0.981945
2908.000,0.981946
2909.000,0.981946
2910.000,0.981946
2911.000,0.981946
2912.000,0.981947
2913.000,0.981947
2914.000,0.981947
2915.000,0.981947
2916.000,0.981947
2917.000,0.981948
2918.000,0.981948
2919.000,0.981948
2920.000,0.981948
2921.000,0.981948
2922.000,0.981949
2923.000,0.981949
2924.000,0.981949
2925.000,0.981949
2926.000,0.981949
2927.000,0.981950
2928.000,0.981950
2929.000,0.981950
2930.000,0.981950
2931.000,0.981950
2932.000,0.981951
2933.000,0.981951
2934.000,0.981951
2935.000,0.981951
2936.000,0.981951
2937.000,0.981952
2938.000,0.981952
2939.000,0.981952
2940.000,0.981952
2941.000,0.981952
2942.000,0.981953
2943.000,0.981953
2944.000,0.981953
2945.000,0.981953
2946.000,0.981953
2947.000,0.981954
2948.000,0.981954
2949.000,0.981954
2950.000,0.981954
2951.000,0.981954
2952.000,0.981954
2953.000,0.981955
2954.000,0.981955
2955.000,0.981955
2956.000,0.981955
2957.000,0.981955
2958.000,0.981956
2959.000,0.981956
2960.000,0.981956
2961.000,0.981956
2962.000,0.981956
2963.000,0.981957
2964.000,0.981957
2965.000,0.981957
2966.000,0.981957
2967.000,0.981957
2968.000,0.981957
2969.000,0.981958
2970.000,0.981958
2971.000,0.981958
2972.000,0.981958
2973.000,0.981958
2974.000,0.981959
2975.000,0.981959
2976.000,0.981959
2977.000,0.981959
2978.000,0.981959
2979.000,0.981959
2980.000,0.981960
2981.000,0.981960
2982.000,0.981960
2983.000,0.981960
2984.000,0.981960
2985.000,0.981960
2986.000,0.981961
2987.000,0.981961
2988.000,0.981961
2989.000,0.981961
2990.000,0.981961
2991.000,0.981961
2992.000,0.981962
2993.000,0.981962
2994.000,0.981962
2995.000,0.981962
2996.000,0.981962
2997.000,0.981963
2998.000,0.981963
2999.000,0.981963