Wavelength,Power transmitted
400.000,0.971521
401.000,0.971441
402.000,0.971360
403.000,0.971277
404.000,0.971193
405.000,0.971106
406.000,0.971016
407.000,0.970923
408.000,0.970826
409.000,0.970726
410.000,0.970622
411.000,0.970516
412.000,0.970406
413.000,0.970295
414.000,0.970180
415.000,0.970064
416.000,0.969946
417.000,0.969827
418.000,0.969705
419.000,0.969582
420.000,0.969457
421.000,0.969330
422.000,0.969201
423.000,0.969070
424.000,0.968937
425.000,0.968801
426.000,0.968662
427.000,0.968521
428.000,0.968377
429.000,0.968231
430.000,0.968081
431.000,0.967929
432.000,0.967774
433.000,0.967616
434.000,0.967456
435.000,0.967293
436.000,0.967127
437.000,0.966959
438.000,0.966788
439.000,0.966615
440.000,0.966438
441.000,0.966259
442.000,0.966077
443.000,0.965892
444.000,0.965704
445.000,0.965513
446.000,0.965319
447.000,0.965121
448.000,0.964920
449.000,0.964715
450.000,0.964507
451.000,0.964295
452.000,0.964080
453.000,0.963861
454.000,0.963639
455.000,0.963413
456.000,0.963184
457.000,0.962951
458.000,0.962714
459.000,0.962474
460.000,0.962230
461.000,0.961983
462.000,0.961731
463.000,0.961476
464.000,0.961216
465.000,0.960953
466.000,0.960685
467.000,0.960413
468.000,0.960137
469.000,0.959857
470.000,0.959572
471.000,0.959283
472.000,0.958989
473.000,0.958690
474.000,0.958386
475.000,0.958078
476.000,0.957765
477.000,0.957446
478.000,0.957122
479.000,0.956793
480.000,0.956459
481.000,0.956119
482.000,0.955774
483.000,0.955424
484.000,0.955067
485.000,0.954705
486.000,0.954337
487.000,0.953964
488.000,0.953584
489.000,0.953197
490.000,0.952805
491.000,0.952406
492.000,0.952000
493.000,0.951588
494.000,0.951168
495.000,0.950742
496.000,0.950308
497.000,0.949867
498.000,0.949418
499.000,0.948962
500.000,0.948498
501.000,0.948026
502.000,0.947547
503.000,0.947058
504.000,0.946562
505.000,0.946057
506.000,0.945543
507.000,0.945020
508.000,0.944489
509.000,0.943948
510.000,0.943397
511.000,0.942837
512.000,0.942267
513.000,0.941686
514.000,0.941096
515.000,0.940495
516.000,0.939883
517.000,0.939260
518.000,0.938625
519.000,0.937980
520.000,0.937323
521.000,0.936654
522.000,0.935972
523.000,0.935279
524.000,0.934572
525.000,0.933853
526.000,0.933121
527.000,0.932374
528.000,0.931614
529.000,0.930840
530.000,0.930050
531.000,0.929246
532.000,0.928426
533.000,0.927591
534.000,0.926739
535.000,0.925870
536.000,0.924984
537.000,0.924081
538.000,0.923160
539.000,0.922221
540.000,0.921264
541.000,0.920287
542.000,0.919291
543.000,0.918275
544.000,0.917239
545.000,0.916181
546.000,0.915102
547.000,0.914002
548.000,0.912878
549.000,0.911732
550.000,0.910562
551.000,0.909367
552.000,0.908147
553.000,0.906902
554.000,0.905630
555.000,0.904331
556.000,0.903004
557.000,0.901649
558.000,0.900264
559.000,0.898850
560.000,0.897404
561.000,0.895927
562.000,0.894417
563.000,0.892873
564.000,0.891296
565.000,0.889683
566.000,0.888033
567.000,0.886347
568.000,0.884622
569.000,0.882858
570.000,0.881054
571.000,0.879208
572.000,0.877319
573.000,0.875386
574.000,0.873407
575.000,0.871382
576.000,0.869308
577.000,0.867184
578.000,0.865009
579.000,0.862781
580.000,0.860498
581.000,0.858158
582.000,0.855761
583.000,0.853305
584.000,0.850787
585.000,0.848207
586.000,0.845563
587.000,0.842852
588.000,0.840073
589.000,0.837225
590.000,0.834304
591.000,0.831310
592.000,0.828239
593.000,0.825089
594.000,0.821858
595.000,0.818542
596.000,0.815139
597.000,0.811647
598.000,0.808061
599.000,0.804379
600.000,0.800599
601.000,0.796715
602.000,0.792726
603.000,0.788628
604.000,0.784417
605.000,0.780090
606.000,0.775644
607.000,0.771074
608.000,0.766378
609.000,0.761550
610.000,0.756587
611.000,0.751484
612.000,0.746238
613.000,0.740844
614.000,0.735297
615.000,0.729592
616.000,0.723726
617.000,0.717693
618.000,0.711487
619.000,0.705105
620.000,0.698541
621.000,0.691790
622.000,0.684847
623.000,0.677706
624.000,0.670361
625.000,0.662807
626.000,0.655039
627.000,0.647049
628.000,0.638833
629.000,0.630385
630.000,0.621697
631.000,0.612765
632.000,0.603582
633.000,0.594144
634.000,0.584444
635.000,0.574478
636.000,0.564242
637.000,0.553731
638.000,0.542942
639.000,0.531873
640.000,0.520522
641.000,0.508889
642.000,0.496974
643.000,0.484778
644.000,0.472303
645.000,0.459554
646.000,0.446536
647.000,0.433255
648.000,0.419718
649.000,0.405936
650.000,0.391919
651.000,0.377682
652.000,0.363240
653.000,0.348611
654.000,0.333819
655.000,0.318887
656.000,0.303846
657.000,0.288730
658.000,0.273577
659.000,0.258431
660.000,0.243342
661.000,0.228365
662.000,0.213560
663.000,0.198991
664.000,0.184728
665.000,0.170842
666.000,0.157408
667.000,0.144499
668.000,0.132188
669.000,0.120544
670.000,0.109632
671.000,0.099508
672.000,0.090221
673.000,0.081808
674.000,0.074296
675.000,0.067696
676.000,0.062011
677.000,0.057227
678.000,0.053322
679.000,0.050258
680.000,0.047993
681.000,0.046475
682.000,0.045645
683.000,0.045444
684.000,0.045811
685.000,0.046685
686.000,0.048008
687.000,0.049728
688.000,0.051796
689.000,0.054170
690.000,0.056814
691.000,0.059700
692.000,0.062802
693.000,0.066104
694.000,0.069589
695.000,0.073249
696.000,0.077075
697.000,0.081060
698.000,0.085200
699.000,0.089489
700.000,0.093924
701.000,0.098498
702.000,0.103207
703.000,0.108044
704.000,0.113001
705.000,0.118072
706.000,0.123250
707.000,0.128526
708.000,0.133893
709.000,0.139345
710.000,0.144873
711.000,0.150472
712.000,0.156135
713.000,0.161858
714.000,0.167636
715.000,0.173463
716.000,0.179336
717.000,0.185250
718.000,0.191202
719.000,0.197188
720.000,0.203204
721.000,0.209245
722.000,0.215307
723.000,0.221386
724.000,0.227477
725.000,0.233575
726.000,0.239675
727.000,0.245772
728.000,0.251860
729.000,0.257934
730.000,0.263988
731.000,0.270016
732.000,0.276014
733.000,0.281975
734.000,0.287895
735.000,0.293767
736.000,0.299587
737.000,0.305350
738.000,0.311050
739.000,0.316684
740.000,0.322248
741.000,0.327736
742.000,0.333145
743.000,0.338472
744.000,0.343713
745.000,0.348865
746.000,0.353925
747.000,0.358890
748.000,0.363759
749.000,0.368529
750.000,0.373197
751.000,0.377763
752.000,0.382224
753.000,0.386579
754.000,0.390827
755.000,0.394967
756.000,0.398997
757.000,0.402917
758.000,0.406726
759.000,0.410423
760.000,0.414008
761.000,0.417480
762.000,0.420839
763.000,0.424085
764.000,0.427217
765.000,0.430235
766.000,0.433140
767.000,0.435932
768.000,0.438611
769.000,0.441177
770.000,0.443630
771.000,0.445972
772.000,0.448202
773.000,0.450320
774.000,0.452328
775.000,0.454226
776.000,0.456014
777.000,0.457693
778.000,0.459263
779.000,0.460724
780.000,0.462078
781.000,0.463324
782.000,0.464463
783.000,0.465496
784.000,0.466423
785.000,0.467245
786.000,0.467963
787.000,0.468575
788.000,0.469084
789.000,0.469490
790.000,0.469793
791.000,0.469994
792.000,0.470092
793.000,0.470089
794.000,0.469985
795.000,0.469780
796.000,0.469475
797.000,0.469070
798.000,0.468565
799.000,0.467961
800.000,0.467258
801.000,0.466456
802.000,0.465557
803.000,0.464559
804.000,0.463464
805.000,0.462271
806.000,0.460981
807.000,0.459595
808.000,0.458112
809.000,0.456533
810.000,0.454858
811.000,0.453087
812.000,0.451221
813.000,0.449260
814.000,0.447205
815.000,0.445055
816.000,0.442811
817.000,0.440474
818.000,0.438043
819.000,0.435520
820.000,0.432905
821.000,0.430197
822.000,0.427399
823.000,0.424510
824.000,0.421531
825.000,0.418462
826.000,0.415305
827.000,0.412060
828.000,0.408727
829.000,0.405308
830.000,0.401804
831.000,0.398215
832.000,0.394543
833.000,0.390789
834.000,0.386954
835.000,0.383039
836.000,0.379045
837.000,0.374975
838.000,0.370829
839.000,0.366609
840.000,0.362318
841.000,0.357956
842.000,0.353526
843.000,0.349030
844.000,0.344470
845.000,0.339849
846.000,0.335168
847.000,0.330431
848.000,0.325641
849.000,0.320800
850.000,0.315911
851.000,0.310978
852.000,0.306003
853.000,0.300990
854.000,0.295944
855.000,0.290866
856.000,0.285762
857.000,0.280635
858.000,0.275489
859.000,0.270328
860.000,0.265157
861.000,0.259980
862.000,0.254802
863.000,0.249627
864.000,0.244460
865.000,0.239306
866.000,0.234170
867.000,0.229057
868.000,0.223972
869.000,0.218919
870.000,0.213905
871.000,0.208934
872.000,0.204011
873.000,0.199142
874.000,0.194331
875.000,0.189583
876.000,0.184903
877.000,0.180296
878.000,0.175766
879.000,0.171319
880.000,0.166958
881.000,0.162688
882.000,0.158512
883.000,0.154436
884.000,0.150462
885.000,0.146593
886.000,0.142834
887.000,0.139188
888.000,0.135656
889.000,0.132242
890.000,0.128948
891.000,0.125776
892.000,0.122728
893.000,0.119805
894.000,0.117009
895.000,0.114341
896.000,0.111801
897.000,0.109390
898.000,0.107108
899.000,0.104956
900.000,0.102934
901.000,0.101042
902.000,0.099278
903.000,0.097643
904.000,0.096137
905.000,0.094757
906.000,0.093505
907.000,0.092378
908.000,0.091375
909.000,0.090496
910.000,0.089739
911.000,0.089103
912.000,0.088588
913.000,0.088190
914.000,0.087911
915.000,0.087747
916.000,0.087698
917.000,0.087762
918.000,0.087938
919.000,0.088225
920.000,0.088621
921.000,0.089125
922.000,0.089736
923.000,0.090452
924.000,0.091271
925.000,0.092194
926.000,0.093217
927.000,0.094340
928.000,0.095562
929.000,0.096880
930.000,0.098295
931.000,0.099804
932.000,0.101406
933.000,0.103100
934.000,0.104884
935.000,0.106758
936.000,0.108719
937.000,0.110767
938.000,0.112900
939.000,0.115117
940.000,0.117417
941.000,0.119797
942.000,0.122257
943.000,0.124796
944.000,0.127411
945.000,0.130102
946.000,0.132866
947.000,0.135703
948.000,0.138611
949.000,0.141588
950.000,0.144634
951.000,0.147745
952.000,0.150921
953.000,0.154160
954.000,0.157460
955.000,0.160819
956.000,0.164237
957.000,0.167710
958.000,0.171237
959.000,0.174816
960.000,0.178446
961.000,0.182124
962.000,0.185848
963.000,0.189617
964.000,0.193429
965.000,0.197281
966.000,0.201171
967.000,0.205098
968.000,0.209059
969.000,0.213053
970.000,0.217077
971.000,0.221129
972.000,0.225207
973.000,0.229310
974.000,0.233435
975.000,0.237580
976.000,0.241743
977.000,0.245922
978.000,0.250115
979.000,0.254321
980.000,0.258537
981.000,0.262762
982.000,0.266993
983.000,0.271229
984.000,0.275469
985.000,0.279710
986.000,0.283951
987.000,0.288191
988.000,0.292427
989.000,0.296659
990.000,0.300885
991.000,0.305103
992.000,0.309312
993.000,0.313511
994.000,0.317698
995.000,0.321873
996.000,0.326034
997.000,0.330180
998.000,0.334309
999.000,0.338422
1000.000,0.342516
1001.000,0.346592
1002.000,0.350647
1003.000,0.354682
1004.000,0.358695
1005.000,0.362685
1006.000,0.366653
1007.000,0.370597
1008.000,0.374516
1009.000,0.378411
1010.000,0.382280
1011.000,0.386123
1012.000,0.389940
1013.000,0.393730
1014.000,0.397493
1015.000,0.401228
1016.000,0.404934
1017.000,0.408613
1018.000,0.412262
1019.000,0.415883
1020.000,0.419474
1021.000,0.423036
1022.000,0.426568
1023.000,0.430070
1024.000,0.433542
1025.000,0.436984
1026.000,0.440395
1027.000,0.443777
1028.000,0.447128
1029.000,0.450449
1030.000,0.453740
1031.000,0.457000
1032.000,0.460231
1033.000,0.463431
1034.000,0.466602
1035.000,0.469742
1036.000,0.472853
1037.000,0.475933
1038.000,0.478984
1039.000,0.482006
1040.000,0.484998
1041.000,0.487960
1042.000,0.490893
1043.000,0.493797
1044.000,0.496672
1045.000,0.499519
1046.000,0.502336
1047.000,0.505126
1048.000,0.507886
1049.000,0.510619
1050.000,0.513324
1051.000,0.516002
1052.000,0.518651
1053.000,0.521274
1054.000,0.523869
1055.000,0.526438
1056.000,0.528980
1057.000,0.531496
1058.000,0.533985
1059.000,0.536449
1060.000,0.538887
1061.000,0.541299
1062.000,0.543686
1063.000,0.546049
1064.000,0.548386
1065.000,0.550700
1066.000,0.552988
1067.000,0.555253
1068.000,0.557495
1069.000,0.559712
1070.000,0.561906
1071.000,0.564077
1072.000,0.566226
1073.000,0.568351
1074.000,0.570454
1075.000,0.572535
1076.000,0.574594
1077.000,0.576631
1078.000,0.578647
1079.000,0.580641
1080.000,0.582614
1081.000,0.584567
1082.000,0.586499
1083.000,0.588411
1084.000,0.590303
1085.000,0.592175
1086.000,0.594027
1087.000,0.595860
1088.000,0.597674
1089.000,0.599469
1090.000,0.601245
1091.000,0.603003
1092.000,0.604742
1093.000,0.606463
1094.000,0.608166
1095.000,0.609852
1096.000,0.611520
1097.000,0.613170
1098.000,0.614804
1099.000,0.616420
1100.000,0.618020
1101.000,0.619603
1102.000,0.621170
1103.000,0.622720
1104.000,0.624255
1105.000,0.625773
1106.000,0.627277
1107.000,0.628764
1108.000,0.630237
1109.000,0.631694
1110.000,0.633136
1111.000,0.634564
1112.000,0.635977
1113.000,0.637375
1114.000,0.638760
1115.000,0.640130
1116.000,0.641486
1117.000,0.642829
1118.000,0.644158
1119.000,0.645474
1120.000,0.646777
1121.000,0.648066
1122.000,0.649343
1123.000,0.650606
1124.000,0.651858
1125.000,0.653096
1126.000,0.654323
1127.000,0.655537
1128.000,0.656739
1129.000,0.657929
1130.000,0.659107
1131.000,0.660274
1132.000,0.661429
1133.000,0.662572
1134.000,0.663704
1135.000,0.664825
1136.000,0.665935
1137.000,0.667034
1138.000,0.668122
1139.000,0.669200
1140.000,0.670267
1141.000,0.671324
1142.000,0.672370
1143.000,0.673407
1144.000,0.674433
1145.000,0.675449
1146.000,0.676456
1147.000,0.677453
1148.000,0.678440
1149.000,0.679418
1150.000,0.680386
1151.000,0.681345
1152.000,0.682295
1153.000,0.683236
1154.000,0.684168
1155.000,0.685091
1156.000,0.686005
1157.000,0.686910
1158.000,0.687807
1159.000,0.688695
1160.000,0.689574
1161.000,0.690446
1162.000,0.691309
1163.000,0.692164
1164.000,0.693010
1165.000,0.693849
1166.000,0.694680
1167.000,0.695503
1168.000,0.696318
1169.000,0.697126
1170.000,0.697926
1171.000,0.698719
1172.000,0.699505
1173.000,0.700283
1174.000,0.701054
1175.000,0.701818
1176.000,0.702575
1177.000,0.703325
1178.000,0.704068
1179.000,0.704805
1180.000,0.705534
1181.000,0.706257
1182.000,0.706973
1183.000,0.707683
1184.000,0.708386
1185.000,0.709082
1186.000,0.709773
1187.000,0.710457
1188.000,0.711134
1189.000,0.711806
1190.000,0.712471
1191.000,0.713130
1192.000,0.713783
1193.000,0.714430
1194.000,0.715072
1195.000,0.715707
1196.000,0.716337
1197.000,0.716961
1198.000,0.717580
1199.000,0.718193
1200.000,0.718800
1201.000,0.719402
1202.000,0.719999
1203.000,0.720590
1204.000,0.721176
1205.000,0.721757
1206.000,0.722333
1207.000,0.722903
1208.000,0.723468
1209.000,0.724029
1210.000,0.724584
1211.000,0.725134
1212.000,0.725679
1213.000,0.726220
1214.000,0.726755
1215.000,0.727286
1216.000,0.727812
1217.000,0.728334
1218.000,0.728850
1219.000,0.729362
1220.000,0.729870
1221.000,0.730373
1222.000,0.730872
1223.000,0.731366
1224.000,0.731856
1225.000,0.732342
1226.000,0.732823
1227.000,0.733300
1228.000,0.733773
1229.000,0.734242
1230.000,0.734707
1231.000,0.735167
1232.000,0.735623
1233.000,0.736076
1234.000,0.736524
1235.000,0.736968
1236.000,0.737409
1237.000,0.737845
1238.000,0.738278
1239.000,0.738707
1240.000,0.739132
1241.000,0.739553
1242.000,0.739971
1243.000,0.740385
1244.000,0.740795
1245.000,0.741202
1246.000,0.741605
1247.000,0.742005
1248.000,0.742401
1249.000,0.742793
1250.000,0.743182
1251.000,0.743568
1252.000,0.743950
1253.000,0.744329
1254.000,0.744704
1255.000,0.745076
1256.000,0.745445
1257.000,0.745810
1258.000,0.746172
1259.000,0.746531
1260.000,0.746887
1261.000,0.747239
1262.000,0.747589
1263.000,0.747935
1264.000,0.748278
1265.000,0.748618
1266.000,0.748955
1267.000,0.749290
1268.000,0.749621
1269.000,0.749949
1270.000,0.750274
1271.000,0.750597
1272.000,0.750916
1273.000,0.751232
1274.000,0.751546
1275.000,0.751857
1276.000,0.752165
1277.000,0.752470
1278.000,0.752772
1279.000,0.753072
1280.000,0.753369
1281.000,0.753663
1282.000,0.753954
1283.000,0.754243
1284.000,0.754529
1285.000,0.754812
1286.000,0.755093
1287.000,0.755371
1288.000,0.755647
1289.000,0.755920
1290.000,0.756191
1291.000,0.756460
1292.000,0.756725
1293.000,0.756989
1294.000,0.757249
1295.000,0.757508
1296.000,0.757764
1297.000,0.758017
1298.000,0.758268
1299.000,0.758517
1300.000,0.758763
1301.000,0.759007
1302.000,0.759248
1303.000,0.759487
1304.000,0.759724
1305.000,0.759959
1306.000,0.760191
1307.000,0.760421
1308.000,0.760649
1309.000,0.760875
1310.000,0.761098
1311.000,0.761319
1312.000,0.761539
1313.000,0.761756
1314.000,0.761971
1315.000,0.762183
1316.000,0.762394
1317.000,0.762603
1318.000,0.762809
1319.000,0.763013
1320.000,0.763215
1321.000,0.763415
1322.000,0.763613
1323.000,0.763808
1324.000,0.764002
1325.000,0.764194
1326.000,0.764383
1327.000,0.764571
1328.000,0.764756
1329.000,0.764940
1330.000,0.765121
1331.000,0.765301
1332.000,0.765479
1333.000,0.765655
1334.000,0.765829
1335.000,0.766001
1336.000,0.766171
1337.000,0.766339
1338.000,0.766506
1339.000,0.766670
1340.000,0.766833
1341.000,0.766994
1342.000,0.767153
1343.000,0.767310
1344.000,0.767465
1345.000,0.767618
1346.000,0.767770
1347.000,0.767919
1348.000,0.768067
1349.000,0.768213
1350.000,0.768357
1351.000,0.768499
1352.000,0.768640
1353.000,0.768779
1354.000,0.768916
1355.000,0.769051
1356.000,0.769185
1357.000,0.769317
1358.000,0.769447
1359.000,0.769575
1360.000,0.769702
1361.000,0.769827
1362.000,0.769951
1363.000,0.770073
1364.000,0.770193
1365.000,0.770311
1366.000,0.770428
1367.000,0.770543
1368.000,0.770656
1369.000,0.770768
1370.000,0.770878
1371.000,0.770986
1372.000,0.771092
1373.000,0.771197
1374.000,0.771300
1375.000,0.771402
1376.000,0.771502
1377.000,0.771600
1378.000,0.771696
1379.000,0.771791
1380.000,0.771885
1381.000,0.771976
1382.000,0.772066
1383.000,0.772155
1384.000,0.772242
1385.000,0.772327
1386.000,0.772411
1387.000,0.772493
1388.000,0.772573
1389.000,0.772652
1390.000,0.772729
1391.000,0.772805
1392.000,0.772879
1393.000,0.772952
1394.000,0.773023
1395.000,0.773092
1396.000,0.773160
1397.000,0.773226
1398.000,0.773291
1399.000,0.773354
1400.000,0.773416
1401.000,0.773476
1402.000,0.773535
1403.000,0.773592
1404.000,0.773647
1405.000,0.773701
1406.000,0.773753
1407.000,0.773804
1408.000,0.773853
1409.000,0.773900
1410.000,0.773946
1411.000,0.773990
1412.000,0.774032
1413.000,0.774073
1414.000,0.774113
1415.000,0.774151
1416.000,0.774187
1417.000,0.774222
1418.000,0.774255
1419.000,0.774287
1420.000,0.774317
1421.000,0.774345
1422.000,0.774372
1423.000,0.774398
1424.000,0.774422
1425.000,0.774444
1426.000,0.774464
1427.000,0.774483
1428.000,0.774501
1429.000,0.774516
1430.000,0.774530
1431.000,0.774542
1432.000,0.774553
1433.000,0.774562
1434.000,0.774569
1435.000,0.774575
1436.000,0.774579
1437.000,0.774581
1438.000,0.774582
1439.000,0.774582
1440.000,0.774580
1441.000,0.774576
1442.000,0.774571
1443.000,0.774564
1444.000,0.774556
1445.000,0.774545
1446.000,0.774534
1447.000,0.774520
1448.000,0.774505
1449.000,0.774488
1450.000,0.774469
1451.000,0.774448
1452.000,0.774426
1453.000,0.774402
1454.000,0.774376
1455.000,0.774348
1456.000,0.774319
1457.000,0.774287
1458.000,0.774255
1459.000,0.774220
1460.000,0.774183
1461.000,0.774145
1462.000,0.774105
1463.000,0.774064
1464.000,0.774020
1465.000,0.773975
1466.000,0.773928
1467.000,0.773879
1468.000,0.773828
1469.000,0.773775
1470.000,0.773721
1471.000,0.773665
1472.000,0.773606
1473.000,0.773546
1474.000,0.773484
1475.000,0.773420
1476.000,0.773354
1477.000,0.773286
1478.000,0.773216
1479.000,0.773144
1480.000,0.773070
1481.000,0.772994
1482.000,0.772916
1483.000,0.772836
1484.000,0.772754
1485.000,0.772670
1486.000,0.772584
1487.000,0.772496
1488.000,0.772406
1489.000,0.772313
1490.000,0.772219
1491.000,0.772122
1492.000,0.772023
1493.000,0.771921
1494.000,0.771818
1495.000,0.771712
1496.000,0.771605
1497.000,0.771494
1498.000,0.771382
1499.000,0.771268
1500.000,0.771151
1501.000,0.771032
1502.000,0.770910
1503.000,0.770787
1504.000,0.770660
1505.000,0.770532
1506.000,0.770401
1507.000,0.770268
1508.000,0.770132
1509.000,0.769993
1510.000,0.769853
1511.000,0.769709
1512.000,0.769563
1513.000,0.769414
1514.000,0.769263
1515.000,0.769109
1516.000,0.768952
1517.000,0.768793
1518.000,0.768631
1519.000,0.768466
1520.000,0.768299
1521.000,0.768128
1522.000,0.767955
1523.000,0.767779
1524.000,0.767600
1525.000,0.767418
1526.000,0.767233
1527.000,0.767046
1528.000,0.766855
1529.000,0.766662
1530.000,0.766465
1531.000,0.766265
1532.000,0.766062
1533.000,0.765856
1534.000,0.765647
1535.000,0.765435
1536.000,0.765219
1537.000,0.765000
1538.000,0.764778
1539.000,0.764552
1540.000,0.764323
1541.000,0.764090
1542.000,0.763854
1543.000,0.763615
1544.000,0.763372
1545.000,0.763125
1546.000,0.762875
1547.000,0.762621
1548.000,0.762364
1549.000,0.762102
1550.000,0.761837
1551.000,0.761568
1552.000,0.761295
1553.000,0.761019
1554.000,0.760738
1555.000,0.760453
1556.000,0.760164
1557.000,0.759871
1558.000,0.759574
1559.000,0.759273
1560.000,0.758967
1561.000,0.758657
1562.000,0.758343
1563.000,0.758024
1564.000,0.757701
1565.000,0.757373
1566.000,0.757040
1567.000,0.756703
1568.000,0.756362
1569.000,0.756015
1570.000,0.755664
1571.000,0.755308
1572.000,0.754947
1573.000,0.754581
1574.000,0.754210
1575.000,0.753834
1576.000,0.753453
1577.000,0.753066
1578.000,0.752674
1579.000,0.752277
1580.000,0.751874
1581.000,0.751465
1582.000,0.751051
1583.000,0.750632
1584.000,0.750206
1585.000,0.749775
1586.000,0.749338
1587.000,0.748895
1588.000,0.748446
1589.000,0.747991
1590.000,0.747530
1591.000,0.747062
1592.000,0.746589
1593.000,0.746108
1594.000,0.745622
1595.000,0.745128
1596.000,0.744628
1597.000,0.744122
1598.000,0.743608
1599.000,0.743088
1600.000,0.742560
1601.000,0.742025
1602.000,0.741483
1603.000,0.740934
1604.000,0.740377
1605.000,0.739813
1606.000,0.739241
1607.000,0.738662
1608.000,0.738075
1609.000,0.737480
1610.000,0.736877
1611.000,0.736266
1612.000,0.735647
1613.000,0.735020
1614.000,0.734384
1615.000,0.733740
1616.000,0.733087
1617.000,0.732426
1618.000,0.731755
1619.000,0.731076
1620.000,0.730388
1621.000,0.729690
1622.000,0.728983
1623.000,0.728267
1624.000,0.727541
1625.000,0.726806
1626.000,0.726060
1627.000,0.725306
1628.000,0.724541
1629.000,0.723766
1630.000,0.722981
1631.000,0.722186
1632.000,0.721381
1633.000,0.720565
1634.000,0.719738
1635.000,0.718901
1636.000,0.718053
1637.000,0.717194
1638.000,0.716324
1639.000,0.715442
1640.000,0.714549
1641.000,0.713645
1642.000,0.712728
1643.000,0.711800
1644.000,0.710859
1645.000,0.709907
1646.000,0.708942
1647.000,0.707965
1648.000,0.706976
1649.000,0.705974
1650.000,0.704959
1651.000,0.703932
1652.000,0.702891
1653.000,0.701838
1654.000,0.700772
1655.000,0.699693
1656.000,0.698601
1657.000,0.697495
1658.000,0.696375
1659.000,0.695243
1660.000,0.694096
1661.000,0.692936
1662.000,0.691761
1663.000,0.690573
1664.000,0.689371
1665.000,0.688155
1666.000,0.686925
1667.000,0.685680
1668.000,0.684421
1669.000,0.683148
1670.000,0.681860
1671.000,0.680557
1672.000,0.679240
1673.000,0.677908
1674.000,0.676561
1675.000,0.675199
1676.000,0.673822
1677.000,0.672429
1678.000,0.671022
1679.000,0.669599
1680.000,0.668161
1681.000,0.666707
1682.000,0.665239
1683.000,0.663755
1684.000,0.662257
1685.000,0.660743
1686.000,0.659215
1687.000,0.657672
1688.000,0.656115
1689.000,0.654542
1690.000,0.652956
1691.000,0.651355
1692.000,0.649739
1693.000,0.648110
1694.000,0.646466
1695.000,0.644808
1696.000,0.643136
1697.000,0.641451
1698.000,0.639751
1699.000,0.638039
1700.000,0.636313
1701.000,0.634574
1702.000,0.632822
1703.000,0.631058
1704.000,0.629282
1705.000,0.627494
1706.000,0.625694
1707.000,0.623883
1708.000,0.622061
1709.000,0.620227
1710.000,0.618384
1711.000,0.616530
1712.000,0.614666
1713.000,0.612793
1714.000,0.610910
1715.000,0.609019
1716.000,0.607119
1717.000,0.605212
1718.000,0.603297
1719.000,0.601375
1720.000,0.599447
1721.000,0.597514
1722.000,0.595575
1723.000,0.593632
1724.000,0.591685
1725.000,0.589735
1726.000,0.587782
1727.000,0.585827
1728.000,0.583870
1729.000,0.581912
1730.000,0.579954
1731.000,0.577996
1732.000,0.576040
1733.000,0.574084
1734.000,0.572131
1735.000,0.570181
1736.000,0.568235
1737.000,0.566293
1738.000,0.564355
1739.000,0.562424
1740.000,0.560498
1741.000,0.558580
1742.000,0.556669
1743.000,0.554767
1744.000,0.552875
1745.000,0.550992
1746.000,0.549119
1747.000,0.547258
1748.000,0.545409
1749.000,0.543573
1750.000,0.541751
1751.000,0.539943
1752.000,0.538149
1753.000,0.536372
1754.000,0.534611
1755.000,0.532867
1756.000,0.531140
1757.000,0.529432
1758.000,0.527744
1759.000,0.526075
1760.000,0.524426
1761.000,0.522799
1762.000,0.521194
1763.000,0.519611
1764.000,0.518051
1765.000,0.516515
1766.000,0.515003
1767.000,0.513515
1768.000,0.512054
1769.000,0.510618
1770.000,0.509208
1771.000,0.507825
1772.000,0.506469
1773.000,0.505141
1774.000,0.503841
1775.000,0.502569
1776.000,0.501326
1777.000,0.500111
1778.000,0.498927
1779.000,0.497772
1780.000,0.496647
1781.000,0.495553
1782.000,0.494489
1783.000,0.493457
1784.000,0.492456
1785.000,0.491486
1786.000,0.490549
1787.000,0.489643
1788.000,0.488770
1789.000,0.487928
1790.000,0.487120
1791.000,0.486343
1792.000,0.485599
1793.000,0.484887
1794.000,0.484208
1795.000,0.483561
1796.000,0.482946
1797.000,0.482364
1798.000,0.481813
1799.000,0.481295
1800.000,0.480809
1801.000,0.480355
1802.000,0.479933
1803.000,0.479542
1804.000,0.479183
1805.000,0.478855
1806.000,0.478558
1807.000,0.478293
1808.000,0.478058
1809.000,0.477854
1810.000,0.477680
1811.000,0.477536
1812.000,0.477422
1813.000,0.477338
1814.000,0.477283
1815.000,0.477257
1816.000,0.477259
1817.000,0.477290
1818.000,0.477348
1819.000,0.477434
1820.000,0.477547
1821.000,0.477686
1822.000,0.477852
1823.000,0.478043
1824.000,0.478260
1825.000,0.478501
1826.000,0.478767
1827.000,0.479057
1828.000,0.479371
1829.000,0.479709
1830.000,0.480069
1831.000,0.480452
1832.000,0.480858
1833.000,0.481285
1834.000,0.481734
1835.000,0.482204
1836.000,0.482694
1837.000,0.483205
1838.000,0.483736
1839.000,0.484286
1840.000,0.484854
1841.000,0.485441
1842.000,0.486046
1843.000,0.486667
1844.000,0.487306
1845.000,0.487960
1846.000,0.488631
1847.000,0.489316
1848.000,0.490017
1849.000,0.490732
1850.000,0.491462
1851.000,0.492205
1852.000,0.492962
1853.000,0.493731
1854.000,0.494513
1855.000,0.495308
1856.000,0.496114
1857.000,0.496932
1858.000,0.497761
1859.000,0.498601
1860.000,0.499451
1861.000,0.500312
1862.000,0.501181
1863.000,0.502060
1864.000,0.502948
1865.000,0.503843
1866.000,0.504747
1867.000,0.505658
1868.000,0.506577
1869.000,0.507502
1870.000,0.508433
1871.000,0.509370
1872.000,0.510313
1873.000,0.511261
1874.000,0.512215
1875.000,0.513173
1876.000,0.514135
1877.000,0.515101
1878.000,0.516072
1879.000,0.517046
1880.000,0.518024
1881.000,0.519005
1882.000,0.519989
1883.000,0.520976
1884.000,0.521966
1885.000,0.522957
1886.000,0.523951
1887.000,0.524946
1888.000,0.525943
1889.000,0.526941
1890.000,0.527939
1891.000,0.528938
1892.000,0.529938
1893.000,0.530937
1894.000,0.531936
1895.000,0.532935
1896.000,0.533933
1897.000,0.534930
1898.000,0.535927
1899.000,0.536922
1900.000,0.537917
1901.000,0.538910
1902.000,0.539901
1903.000,0.540891
1904.000,0.541880
1905.000,0.542866
1906.000,0.543850
1907.000,0.544833
1908.000,0.545813
1909.000,0.546790
1910.000,0.547765
1911.000,0.548737
1912.000,0.549707
1913.000,0.550673
1914.000,0.551637
1915.000,0.552597
1916.000,0.553554
1917.000,0.554508
1918.000,0.555458
1919.000,0.556404
1920.000,0.557347
1921.000,0.558285
1922.000,0.559220
1923.000,0.560150
1924.000,0.561076
1925.000,0.561998
1926.000,0.562915
1927.000,0.563828
1928.000,0.564736
1929.000,0.565639
1930.000,0.566538
1931.000,0.567432
1932.000,0.568322
1933.000,0.569207
1934.000,0.570087
1935.000,0.570963
1936.000,0.571834
1937.000,0.572700
1938.000,0.573562
1939.000,0.574418
1940.000,0.575270
1941.000,0.576116
1942.000,0.576958
1943.000,0.577794
1944.000,0.578625
1945.000,0.579451
1946.000,0.580271
1947.000,0.581086
1948.000,0.581896
1949.000,0.582701
1950.000,0.583500
1951.000,0.584294
1952.000,0.585083
1953.000,0.585867
1954.000,0.586645
1955.000,0.587419
1956.000,0.588187
1957.000,0.588950
1958.000,0.589708
1959.000,0.590461
1960.000,0.591209
1961.000,0.591951
1962.000,0.592689
1963.000,0.593421
1964.000,0.594148
1965.000,0.594869
1966.000,0.595585
1967.000,0.596296
1968.000,0.597002
1969.000,0.597702
1970.000,0.598397
1971.000,0.599087
1972.000,0.599772
1973.000,0.600451
1974.000,0.601125
1975.000,0.601793
1976.000,0.602457
1977.000,0.603115
1978.000,0.603768
1979.000,0.604416
1980.000,0.605059
1981.000,0.605697
1982.000,0.606330
1983.000,0.606958
1984.000,0.607581
1985.000,0.608199
1986.000,0.608813
1987.000,0.609422
1988.000,0.610026
1989.000,0.610625
1990.000,0.611220
1991.000,0.611810
1992.000,0.612396
1993.000,0.612977
1994.000,0.613553
1995.000,0.614124
1996.000,0.614691
1997.000,0.615253
1998.000,0.615811
1999.000,0.616364
2000.000,0.616912
2001.000,0.617455
2002.000,0.617993
2003.000,0.618527
2004.000,0.619057
2005.000,0.619582
2006.000,0.620102
2007.000,0.620619
2008.000,0.621131
2009.000,0.621639
2010.000,0.622143
2011.000,0.622643
2012.000,0.623139
2013.000,0.623632
2014.000,0.624120
2015.000,0.624605
2016.000,0.625085
2017.000,0.625561
2018.000,0.626033
2019.000,0.626501
2020.000,0.626964
2021.000,0.627423
2022.000,0.627877
2023.000,0.628327
2024.000,0.628773
2025.000,0.629215
2026.000,0.629653
2027.000,0.630087
2028.000,0.630517
2029.000,0.630943
2030.000,0.631366
2031.000,0.631786
2032.000,0.632202
2033.000,0.632615
2034.000,0.633026
2035.000,0.633433
2036.000,0.633837
2037.000,0.634237
2038.000,0.634635
2039.000,0.635030
2040.000,0.635421
2041.000,0.635810
2042.000,0.636195
2043.000,0.636576
2044.000,0.636954
2045.000,0.637328
2046.000,0.637699
2047.000,0.638067
2048.000,0.638430
2049.000,0.638791
2050.000,0.639148
2051.000,0.639501
2052.000,0.639851
2053.000,0.640197
2054.000,0.640541
2055.000,0.640881
2056.000,0.641217
2057.000,0.641551
2058.000,0.641881
2059.000,0.642208
2060.000,0.642532
2061.000,0.642852
2062.000,0.643170
2063.000,0.643485
2064.000,0.643797
2065.000,0.644107
2066.000,0.644414
2067.000,0.644718
2068.000,0.645020
2069.000,0.645320
2070.000,0.645617
2071.000,0.645912
2072.000,0.646205
2073.000,0.646495
2074.000,0.646783
2075.000,0.647069
2076.000,0.647353
2077.000,0.647634
2078.000,0.647912
2079.000,0.648188
2080.000,0.648462
2081.000,0.648732
2082.000,0.649001
2083.000,0.649266
2084.000,0.649529
2085.000,0.649789
2086.000,0.650047
2087.000,0.650302
2088.000,0.650554
2089.000,0.650804
2090.000,0.651051
2091.000,0.651296
2092.000,0.651539
2093.000,0.651779
2094.000,0.652017
2095.000,0.652253
2096.000,0.652487
2097.000,0.652719
2098.000,0.652948
2099.000,0.653176
2100.000,0.653402
2101.000,0.653625
2102.000,0.653847
2103.000,0.654066
2104.000,0.654284
2105.000,0.654500
2106.000,0.654713
2107.000,0.654925
2108.000,0.655135
2109.000,0.655343
2110.000,0.655549
2111.000,0.655753
2112.000,0.655955
2113.000,0.656155
2114.000,0.656353
2115.000,0.656549
2116.000,0.656744
2117.000,0.656936
2118.000,0.657127
2119.000,0.657315
2120.000,0.657502
2121.000,0.657687
2122.000,0.657870
2123.000,0.658051
2124.000,0.658230
2125.000,0.658408
2126.000,0.658584
2127.000,0.658759
2128.000,0.658931
2129.000,0.659103
2130.000,0.659272
2131.000,0.659440
2132.000,0.659606
2133.000,0.659771
2134.000,0.659933
2135.000,0.660095
2136.000,0.660254
2137.000,0.660412
2138.000,0.660569
2139.000,0.660724
2140.000,0.660877
2141.000,0.661029
2142.000,0.661179
2143.000,0.661328
2144.000,0.661475
2145.000,0.661621
2146.000,0.661765
2147.000,0.661908
2148.000,0.662049
2149.000,0.662189
2150.000,0.662328
2151.000,0.662465
2152.000,0.662600
2153.000,0.662734
2154.000,0.662867
2155.000,0.662998
2156.000,0.663128
2157.000,0.663257
2158.000,0.663384
2159.000,0.663510
2160.000,0.663634
2161.000,0.663757
2162.000,0.663880
2163.000,0.664000
2164.000,0.664120
2165.000,0.664238
2166.000,0.664355
2167.000,0.664471
2168.000,0.664586
2169.000,0.664699
2170.000,0.664811
2171.000,0.664922
2172.000,0.665032
2173.000,0.665140
2174.000,0.665247
2175.000,0.665353
2176.000,0.665458
2177.000,0.665561
2178.000,0.665663
2179.000,0.665764
2180.000,0.665864
2181.000,0.665963
2182.000,0.666060
2183.000,0.666157
2184.000,0.666252
2185.000,0.666347
2186.000,0.666440
2187.000,0.666533
2188.000,0.666624
2189.000,0.666714
2190.000,0.666804
2191.000,0.666892
2192.000,0.666979
2193.000,0.667066
2194.000,0.667151
2195.000,0.667235
2196.000,0.667319
2197.000,0.667401
2198.000,0.667482
2199.000,0.667562
2200.000,0.667641
2201.000,0.667719
2202.000,0.667796
2203.000,0.667872
2204.000,0.667947
2205.000,0.668020
2206.000,0.668093
2207.000,0.668165
2208.000,0.668236
2209.000,0.668306
2210.000,0.668375
2211.000,0.668443
2212.000,0.668511
2213.000,0.668577
2214.000,0.668643
2215.000,0.668708
2216.000,0.668772
2217.000,0.668835
2218.000,0.668897
2219.000,0.668959
2220.000,0.669019
2221.000,0.669079
2222.000,0.669138
2223.000,0.669196
2224.000,0.669253
2225.000,0.669309
2226.000,0.669365
2227.000,0.669419
2228.000,0.669473
2229.000,0.669526
2230.000,0.669578
2231.000,0.669630
2232.000,0.669680
2233.000,0.669730
2234.000,0.669779
2235.000,0.669828
2236.000,0.669876
2237.000,0.669923
2238.000,0.669969
2239.000,0.670014
2240.000,0.670059
2241.000,0.670102
2242.000,0.670145
2243.000,0.670187
2244.000,0.670228
2245.000,0.670269
2246.000,0.670308
2247.000,0.670347
2248.000,0.670385
2249.000,0.670422
2250.000,0.670458
2251.000,0.670494
2252.000,0.670530
2253.000,0.670564
2254.000,0.670599
2255.000,0.670633
2256.000,0.670666
2257.000,0.670699
2258.000,0.670731
2259.000,0.670763
2260.000,0.670794
2261.000,0.670825
2262.000,0.670855
2263.000,0.670884
2264.000,0.670913
2265.000,0.670941
2266.000,0.670968
2267.000,0.670994
2268.000,0.671019
2269.000,0.671044
2270.000,0.671068
2271.000,0.671091
2272.000,0.671113
2273.000,0.671135
2274.000,0.671155
2275.000,0.671175
2276.000,0.671195
2277.000,0.671214
2278.000,0.671233
2279.000,0.671251
2280.000,0.671268
2281.000,0.671285
2282.000,0.671302
2283.000,0.671318
2284.000,0.671334
2285.000,0.671350
2286.000,0.671364
2287.000,0.671379
2288.000,0.671393
2289.000,0.671406
2290.000,0.671419
2291.000,0.671431
2292.000,0.671442
2293.000,0.671453
2294.000,0.671464
2295.000,0.671473
2296.000,0.671482
2297.000,0.671491
2298.000,0.671499
2299.000,0.671507
2300.000,0.671514
2301.000,0.671521
2302.000,0.671527
2303.000,0.671533
2304.000,0.671538
2305.000,0.671543
2306.000,0.671547
2307.000,0.671551
2308.000,0.671554
2309.000,0.671557
2310.000,0.671559
2311.000,0.671561
2312.000,0.671562
2313.000,0.671563
2314.000,0.671563
2315.000,0.671562
2316.000,0.671561
2317.000,0.671560
2318.000,0.671558
2319.000,0.671556
2320.000,0.671553
2321.000,0.671550
2322.000,0.671546
2323.000,0.671543
2324.000,0.671538
2325.000,0.671534
2326.000,0.671529
2327.000,0.671523
2328.000,0.671517
2329.000,0.671511
2330.000,0.671504
2331.000,0.671497
2332.000,0.671489
2333.000,0.671481
2334.000,0.671473
2335.000,0.671464
2336.000,0.671454
2337.000,0.671444
2338.000,0.671434
2339.000,0.671423
2340.000,0.671412
2341.000,0.671401
2342.000,0.671389
2343.000,0.671377
2344.000,0.671365
2345.000,0.671352
2346.000,0.671339
2347.000,0.671325
2348.000,0.671311
2349.000,0.671297
2350.000,0.671282
2351.000,0.671266
2352.000,0.671251
2353.000,0.671234
2354.000,0.671218
2355.000,0.671201
2356.000,0.671184
2357.000,0.671166
2358.000,0.671148
2359.000,0.671129
2360.000,0.671110
2361.000,0.671091
2362.000,0.671072
2363.000,0.671052
2364.000,0.671032
2365.000,0.671011
2366.000,0.670991
2367.000,0.670969
2368.000,0.670948
2369.000,0.670926
2370.000,0.670904
2371.000,0.670882
2372.000,0.670860
2373.000,0.670837
2374.000,0.670813
2375.000,0.670790
2376.000,0.670766
2377.000,0.670742
2378.000,0.670717
2379.000,0.670692
2380.000,0.670667
2381.000,0.670641
2382.000,0.670615
2383.000,0.670589
2384.000,0.670562
2385.000,0.670535
2386.000,0.670508
2387.000,0.670480
2388.000,0.670452
2389.000,0.670424
2390.000,0.670395
2391.000,0.670366
2392.000,0.670337
2393.000,0.670308
2394.000,0.670278
2395.000,0.670248
2396.000,0.670218
2397.000,0.670187
2398.000,0.670156
2399.000,0.670125
2400.000,0.670094
2401.000,0.670062
2402.000,0.670030
2403.000,0.669997
2404.000,0.669965
2405.000,0.669932
2406.000,0.669899
2407.000,0.669865
2408.000,0.669831
2409.000,0.669797
2410.000,0.669763
2411.000,0.669728
2412.000,0.669693
2413.000,0.669658
2414.000,0.669622
2415.000,0.669587
2416.000,0.669551
2417.000,0.669514
2418.000,0.669478
2419.000,0.669441
2420.000,0.669404
2421.000,0.669367
2422.000,0.669329
2423.000,0.669291
2424.000,0.669253
2425.000,0.669215
2426.000,0.669176
2427.000,0.669138
2428.000,0.669098
2429.000,0.669059
2430.000,0.669019
2431.000,0.668979
2432.000,0.668939
2433.000,0.668899
2434.000,0.668858
2435.000,0.668817
2436.000,0.668776
2437.000,0.668734
2438.000,0.668693
2439.000,0.668651
2440.000,0.668609
2441.000,0.668566
2442.000,0.668524
2443.000,0.668481
2444.000,0.668438
2445.000,0.668395
2446.000,0.668351
2447.000,0.668308
2448.000,0.668264
2449.000,0.668220
2450.000,0.668176
2451.000,0.668131
2452.000,0.668087
2453.000,0.668042
2454.000,0.667997
2455.000,0.667952
2456.000,0.667906
2457.000,0.667860
2458.000,0.667814
2459.000,0.667768
2460.000,0.667722
2461.000,0.667675
2462.000,0.667628
2463.000,0.667581
2464.000,0.667534
2465.000,0.667486
2466.000,0.667438
2467.000,0.667390
2468.000,0.667342
2469.000,0.667293
2470.000,0.667245
2471.000,0.667196
2472.000,0.667147
2473.000,0.667097
2474.000,0.667048
2475.000,0.666998
2476.000,0.666949
2477.000,0.666899
2478.000,0.666849
2479.000,0.666798
2480.000,0.666748
2481.000,0.666697
2482.000,0.666646
2483.000,0.666595
2484.000,0.666544
2485.000,0.666492
2486.000,0.666440
2487.000,0.666388
2488.000,0.666336
2489.000,0.666284
2490.000,0.666232
2491.000,0.666179
2492.000,0.666126
2493.000,0.666073
2494.000,0.666020
2495.000,0.665966
2496.000,0.665913
2497.000,0.665859
2498.000,0.665805
2499.000,0.665751
2500.000,0.665696
2501.000,0.665642
2502.000,0.665587
2503.000,0.665532
2504.000,0.665477
2505.000,0.665421
2506.000,0.665366
2507.000,0.665310
2508.000,0.665255
2509.000,0.665199
2510.000,0.665143
2511.000,0.665087
2512.000,0.665030
2513.000,0.664974
2514.000,0.664918
2515.000,0.664861
2516.000,0.664804
2517.000,0.664747
2518.000,0.664690
2519.000,0.664632
2520.000,0.664575
2521.000,0.664517
2522.000,0.664459
2523.000,0.664401
2524.000,0.664343
2525.000,0.664285
2526.000,0.664226
2527.000,0.664167
2528.000,0.664108
2529.000,0.664049
2530.000,0.663990
2531.000,0.663931
2532.000,0.663871
2533.000,0.663811
2534.000,0.663752
2535.000,0.663692
2536.000,0.663631
2537.000,0.663571
2538.000,0.663510
2539.000,0.663450
2540.000,0.663389
2541.000,0.663328
2542.000,0.663267
2543.000,0.663206
2544.000,0.663145
2545.000,0.663083
2546.000,0.663022
2547.000,0.662960
2548.000,0.662898
2549.000,0.662836
2550.000,0.662774
2551.000,0.662712
2552.000,0.662650
2553.000,0.662588
2554.000,0.662525
2555.000,0.662463
2556.000,0.662400
2557.000,0.662337
2558.000,0.662274
2559.000,0.662211
2560.000,0.662147
2561.000,0.662083
2562.000,0.662019
2563.000,0.661955
2564.000,0.661891
2565.000,0.661826
2566.000,0.661762
2567.000,0.661697
2568.000,0.661632
2569.000,0.661568
2570.000,0.661503
2571.000,0.661438
2572.000,0.661373
2573.000,0.661308
2574.000,0.661243
2575.000,0.661178
2576.000,0.661113
2577.000,0.661047
2578.000,0.660982
2579.000,0.660916
2580.000,0.660849
2581.000,0.660783
2582.000,0.660716
2583.000,0.660649
2584.000,0.660582
2585.000,0.660515
2586.000,0.660447
2587.000,0.660380
2588.000,0.660313
2589.000,0.660246
2590.000,0.660179
2591.000,0.660112
2592.000,0.660045
2593.000,0.659978
2594.000,0.659911
2595.000,0.659844
2596.000,0.659777
2597.000,0.659710
2598.000,0.659642
2599.000,0.659574
2600.000,0.659505
2601.000,0.659437
2602.000,0.659368
2603.000,0.659298
2604.000,0.659229
2605.000,0.659159
2606.000,0.659089
2607.000,0.659019
2608.000,0.658948
2609.000,0.658878
2610.000,0.658808
2611.000,0.658737
2612.000,0.658667
2613.000,0.658597
2614.000,0.658527
2615.000,0.658456
2616.000,0.658387
2617.000,0.658317
2618.000,0.658247
2619.000,0.658178
2620.000,0.658108
2621.000,0.658039
2622.000,0.657969
2623.000,0.657900
2624.000,0.657830
2625.000,0.657760
2626.000,0.657690
2627.000,0.657620
2628.000,0.657549
2629.000,0.657478
2630.000,0.657406
2631.000,0.657335
2632.000,0.657263
2633.000,0.657191
2634.000,0.657119
2635.000,0.657046
2636.000,0.656973
2637.000,0.656901
2638.000,0.656828
2639.000,0.656755
2640.000,0.656682
2641.000,0.656610
2642.000,0.656537
2643.000,0.656464
2644.000,0.656391
2645.000,0.656319
2646.000,0.656246
2647.000,0.656173
2648.000,0.656100
2649.000,0.656027
2650.000,0.655954
2651.000,0.655881
2652.000,0.655807
2653.000,0.655733
2654.000,0.655659
2655.000,0.655584
2656.000,0.655510
2657.000,0.655435
2658.000,0.655359
2659.000,0.655284
2660.000,0.655208
2661.000,0.655132
2662.000,0.655056
2663.000,0.654980
2664.000,0.654905
2665.000,0.654829
2666.000,0.654753
2667.000,0.654678
2668.000,0.654602
2669.000,0.654527
2670.000,0.654452
2671.000,0.654377
2672.000,0.654303
2673.000,0.654228
2674.000,0.654153
2675.000,0.654078
2676.000,0.654004
2677.000,0.653929
2678.000,0.653854
2679.000,0.653779
2680.000,0.653703
2681.000,0.653628
2682.000,0.653552
2683.000,0.653476
2684.000,0.653400
2685.000,0.653323
2686.000,0.653246
2687.000,0.653169
2688.000,0.653092
2689.000,0.653014
2690.000,0.652937
2691.000,0.652859
2692.000,0.652781
2693.000,0.652704
2694.000,0.652626
2695.000,0.652549
2696.000,0.652471
2697.000,0.652394
2698.000,0.652317
2699.000,0.652240
2700.000,0.652162
2701.000,0.652085
2702.000,0.652008
2703.000,0.651930
2704.000,0.651853
2705.000,0.651775
2706.000,0.651697
2707.000,0.651618
2708.000,0.651540
2709.000,0.651461
2710.000,0.651383
2711.000,0.651304
2712.000,0.651225
2713.000,0.651147
2714.000,0.651068
2715.000,0.650989
2716.000,0.650910
2717.000,0.650832
2718.000,0.650753
2719.000,0.650674
2720.000,0.650595
2721.000,0.650516
2722.000,0.650437
2723.000,0.650358
2724.000,0.650278
2725.000,0.650199
2726.000,0.650120
2727.000,0.650040
2728.000,0.649960
2729.000,0.649881
2730.000,0.649801
2731.000,0.649721
2732.000,0.649641
2733.000,0.649561
2734.000,0.649481
2735.000,0.649401
2736.000,0.649321
2737.000,0.649241
2738.000,0.649160
2739.000,0.649080
2740.000,0.648999
2741.000,0.648919
2742.000,0.648838
2743.000,0.648758
2744.000,0.648677
2745.000,0.648596
2746.000,0.648515
2747.000,0.648434
2748.000,0.648353
2749.000,0.648272
2750.000,0.648191
2751.000,0.648110
2752.000,0.648029
2753.000,0.647948
2754.000,0.647866
2755.000,0.647785
2756.000,0.647704
2757.000,0.647622
2758.000,0.647541
2759.000,0.647459
2760.000,0.647377
2761.000,0.647295
2762.000,0.647214
2763.000,0.647132
2764.000,0.647050
2765.000,0.646968
2766.000,0.646886
2767.000,0.646804
2768.000,0.646722
2769.000,0.646640
2770.000,0.646558
2771.000,0.646475
2772.000,0.646393
2773.000,0.646311
2774.000,0.646229
2775.000,0.646146
2776.000,0.646064
2777.000,0.645981
2778.000,0.645899
2779.000,0.645816
2780.000,0.645733
2781.000,0.645650
2782.000,0.645568
2783.000,0.645485
2784.000,0.645402
2785.000,0.645319
2786.000,0.645235
2787.000,0.645152
2788.000,0.645069
2789.000,0.644986
2790.000,0.644902
2791.000,0.644819
2792.000,0.644735
2793.000,0.644652
2794.000,0.644568
2795.000,0.644485
2796.000,0.644401
2797.000,0.644317
2798.000,0.644234
2799.000,0.644150
2800.000,0.644066
2801.000,0.643982
2802.000,0.643899
2803.000,0.643815
2804.000,0.643731
2805.000,0.643647
2806.000,0.643563
2807.000,0.643479
2808.000,0.643395
2809.000,0.643310
2810.000,0.643226
2811.000,0.643141
2812.000,0.643057
2813.000,0.642972
2814.000,0.642888
2815.000,0.642803
2816.000,0.642718
2817.000,0.642633
2818.000,0.642548
2819.000,0.642463
2820.000,0.642378
2821.000,0.642293
2822.000,0.642208
2823.000,0.642123
2824.000,0.642038
2825.000,0.641953
2826.000,0.641868
2827.000,0.641783
2828.000,0.641698
2829.000,0.641613
2830.000,0.641528
2831.000,0.641443
2832.000,0.641357
2833.000,0.641272
2834.000,0.641187
2835.000,0.641101
2836.000,0.641016
2837.000,0.640930
2838.000,0.640844
2839.000,0.640759
2840.000,0.640673
2841.000,0.640587
2842.000,0.640501
2843.000,0.640415
2844.000,0.640330
2845.000,0.640244
2846.000,0.640158
2847.000,0.640072
2848.000,0.639986
2849.000,0.639900
2850.000,0.639814
2851.000,0.639728
2852.000,0.639641
2853.000,0.639555
2854.000,0.639469
2855.000,0.639382
2856.000,0.639296
2857.000,0.639209
2858.000,0.639123
2859.000,0.639036
2860.000,0.638949
2861.000,0.638863
2862.000,0.638776
2863.000,0.638689
2864.000,0.638603
2865.000,0.638516
2866.000,0.638429
2867.000,0.638343
2868.000,0.638256
2869.000,0.638169
2870.000,0.638082
2871.000,0.637995
2872.000,0.637908
2873.000,0.637821
2874.000,0.637734
2875.000,0.637646
2876.000,0.637559
2877.000,0.637472
2878.000,0.637384
2879.000,0.637297
2880.000,0.637209
2881.000,0.637121
2882.000,0.637034
2883.000,0.636946
2884.000,0.636859
2885.000,0.636771
2886.000,0.636683
2887.000,0.636596
2888.000,0.636508
2889.000,0.636420
2890.000,0.636333
2891.000,0.636245
2892.000,0.636157
2893.000,0.636070
2894.000,0.635982
2895.000,0.635894
2896.000,0.635806
2897.000,0.635718
2898.000,0.635630
2899.000,0.635542
2900.000,0.635454
2901.000,0.635366
2902.000,0.635278
2903.000,0.635190
2904.000,0.635101
2905.000,0.635013
2906.000,0.634924
2907.000,0.634836
2908.000,0.634748
2909.000,0.634659
2910.000,0.634571
2911.000,0.634482
2912.000,0.634394
2913.000,0.634305
2914.000,0.634217
2915.000,0.634128
2916.000,0.634040
2917.000,0.633951
2918.000,0.633862
2919.000,0.633774
2920.000,0.633685
2921.000,0.633596
2922.000,0.633507
2923.000,0.633418
2924.000,0.633329
2925.000,0.633240
2926.000,0.633151
2927.000,0.633062
2928.000,0.632973
2929.000,0.632884
2930.000,0.632795
2931.000,0.632706
2932.000,0.632616
2933.000,0.632527
2934.000,0.632438
2935.000,0.632348
2936.000,0.632259
2937.000,0.632169
2938.000,0.632080
2939.000,0.631990
2940.000,0.631901
2941.000,0.631811
2942.000,0.631722
2943.000,0.631632
2944.000,0.631543
2945.000,0.631454
2946.000,0.631364
2947.000,0.631275
2948.000,0.631185
2949.000,0.631096
2950.000,0.631006
2951.000,0.630916
2952.000,0.630827
2953.000,0.630737
2954.000,0.630647
2955.000,0.630557
2956.000,0.630467
2957.000,0.630377
2958.000,0.630286
2959.000,0.630196
2960.000,0.630106
2961.000,0.630016
2962.000,0.629926
2963.000,0.629836
2964.000,0.629746
2965.000,0.629657
2966.000,0.629567
2967.000,0.629478
2968.000,0.629388
2969.000,0.629298
2970.000,0.629208
2971.000,0.629118
2972.000,0.629027
2973.000,0.628936
2974.000,0.628844
2975.000,0.628753
2976.000,0.628661
2977.000,0.628569
2978.000,0.628477
2979.000,0.628385
2980.000,0.628294
2981.000,0.628203
2982.000,0.628113
2983.000,0.628024
2984.000,0.627936
2985.000,0.627848
2986.000,0.627761
2987.000,0.627675
2988.000,0.627588
2989.000,0.627500
2990.000,0.627411
2991.000,0.627320
2992.000,0.627228
2993.000,0.627132
2994.000,0.627035
2995.000,0.626935
2996.000,0.626833
2997.000,0.626731
2998.000,0.626628
2999.000,0.626527